policy_id,is_claim
ID58593,1
ID58594,1
ID58595,1
ID58596,1
ID58597,1
ID58598,0
ID58599,1
ID58600,1
ID58601,0
ID58602,1
ID58603,0
ID58604,0
ID58605,0
ID58606,1
ID58607,1
ID58608,1
ID58609,1
ID58610,0
ID58611,0
ID58612,1
ID58613,0
ID58614,1
ID58615,0
ID58616,1
ID58617,0
ID58618,0
ID58619,0
ID58620,1
ID58621,1
ID58622,1
ID58623,0
ID58624,1
ID58625,1
ID58626,1
ID58627,0
ID58628,1
ID58629,0
ID58630,1
ID58631,0
ID58632,0
ID58633,1
ID58634,1
ID58635,0
ID58636,1
ID58637,1
ID58638,0
ID58639,0
ID58640,0
ID58641,1
ID58642,1
ID58643,0
ID58644,1
ID58645,1
ID58646,1
ID58647,0
ID58648,0
ID58649,0
ID58650,1
ID58651,1
ID58652,0
ID58653,1
ID58654,0
ID58655,1
ID58656,1
ID58657,1
ID58658,1
ID58659,1
ID58660,1
ID58661,1
ID58662,1
ID58663,0
ID58664,1
ID58665,1
ID58666,1
ID58667,0
ID58668,1
ID58669,1
ID58670,1
ID58671,0
ID58672,1
ID58673,1
ID58674,0
ID58675,0
ID58676,0
ID58677,1
ID58678,1
ID58679,0
ID58680,1
ID58681,0
ID58682,1
ID58683,1
ID58684,1
ID58685,1
ID58686,1
ID58687,1
ID58688,0
ID58689,0
ID58690,1
ID58691,0
ID58692,1
ID58693,0
ID58694,0
ID58695,1
ID58696,1
ID58697,1
ID58698,1
ID58699,0
ID58700,0
ID58701,0
ID58702,0
ID58703,1
ID58704,1
ID58705,1
ID58706,1
ID58707,1
ID58708,0
ID58709,1
ID58710,1
ID58711,0
ID58712,1
ID58713,1
ID58714,1
ID58715,1
ID58716,1
ID58717,1
ID58718,1
ID58719,0
ID58720,1
ID58721,0
ID58722,1
ID58723,1
ID58724,1
ID58725,1
ID58726,1
ID58727,1
ID58728,1
ID58729,0
ID58730,0
ID58731,1
ID58732,1
ID58733,0
ID58734,0
ID58735,1
ID58736,0
ID58737,1
ID58738,1
ID58739,1
ID58740,1
ID58741,0
ID58742,0
ID58743,1
ID58744,0
ID58745,1
ID58746,0
ID58747,0
ID58748,0
ID58749,1
ID58750,1
ID58751,1
ID58752,1
ID58753,1
ID58754,0
ID58755,1
ID58756,0
ID58757,1
ID58758,1
ID58759,0
ID58760,0
ID58761,0
ID58762,0
ID58763,1
ID58764,1
ID58765,1
ID58766,0
ID58767,0
ID58768,1
ID58769,0
ID58770,1
ID58771,1
ID58772,0
ID58773,1
ID58774,0
ID58775,1
ID58776,0
ID58777,1
ID58778,1
ID58779,1
ID58780,1
ID58781,0
ID58782,1
ID58783,1
ID58784,1
ID58785,1
ID58786,1
ID58787,1
ID58788,1
ID58789,1
ID58790,1
ID58791,1
ID58792,1
ID58793,1
ID58794,1
ID58795,1
ID58796,1
ID58797,0
ID58798,1
ID58799,1
ID58800,1
ID58801,0
ID58802,1
ID58803,0
ID58804,1
ID58805,1
ID58806,1
ID58807,1
ID58808,1
ID58809,0
ID58810,1
ID58811,1
ID58812,1
ID58813,0
ID58814,1
ID58815,0
ID58816,1
ID58817,1
ID58818,0
ID58819,1
ID58820,1
ID58821,0
ID58822,1
ID58823,1
ID58824,1
ID58825,1
ID58826,1
ID58827,0
ID58828,1
ID58829,1
ID58830,0
ID58831,0
ID58832,1
ID58833,1
ID58834,0
ID58835,1
ID58836,0
ID58837,1
ID58838,0
ID58839,1
ID58840,1
ID58841,0
ID58842,1
ID58843,1
ID58844,1
ID58845,0
ID58846,0
ID58847,0
ID58848,0
ID58849,0
ID58850,1
ID58851,1
ID58852,1
ID58853,0
ID58854,0
ID58855,1
ID58856,1
ID58857,1
ID58858,0
ID58859,1
ID58860,1
ID58861,1
ID58862,1
ID58863,1
ID58864,0
ID58865,0
ID58866,1
ID58867,1
ID58868,1
ID58869,1
ID58870,0
ID58871,0
ID58872,1
ID58873,1
ID58874,0
ID58875,0
ID58876,1
ID58877,0
ID58878,1
ID58879,0
ID58880,1
ID58881,1
ID58882,0
ID58883,1
ID58884,0
ID58885,0
ID58886,1
ID58887,1
ID58888,1
ID58889,1
ID58890,0
ID58891,0
ID58892,0
ID58893,1
ID58894,1
ID58895,0
ID58896,1
ID58897,0
ID58898,1
ID58899,0
ID58900,1
ID58901,0
ID58902,1
ID58903,1
ID58904,1
ID58905,0
ID58906,1
ID58907,1
ID58908,0
ID58909,1
ID58910,0
ID58911,1
ID58912,0
ID58913,1
ID58914,1
ID58915,1
ID58916,1
ID58917,0
ID58918,0
ID58919,1
ID58920,1
ID58921,0
ID58922,1
ID58923,1
ID58924,1
ID58925,1
ID58926,1
ID58927,1
ID58928,1
ID58929,1
ID58930,1
ID58931,1
ID58932,1
ID58933,1
ID58934,1
ID58935,0
ID58936,1
ID58937,0
ID58938,0
ID58939,1
ID58940,0
ID58941,1
ID58942,1
ID58943,1
ID58944,1
ID58945,0
ID58946,1
ID58947,1
ID58948,1
ID58949,1
ID58950,1
ID58951,1
ID58952,0
ID58953,1
ID58954,1
ID58955,1
ID58956,1
ID58957,0
ID58958,1
ID58959,1
ID58960,1
ID58961,1
ID58962,1
ID58963,1
ID58964,1
ID58965,1
ID58966,1
ID58967,1
ID58968,1
ID58969,1
ID58970,1
ID58971,1
ID58972,1
ID58973,1
ID58974,1
ID58975,1
ID58976,1
ID58977,1
ID58978,0
ID58979,1
ID58980,0
ID58981,1
ID58982,0
ID58983,1
ID58984,1
ID58985,1
ID58986,0
ID58987,1
ID58988,1
ID58989,1
ID58990,1
ID58991,1
ID58992,0
ID58993,1
ID58994,1
ID58995,1
ID58996,0
ID58997,0
ID58998,1
ID58999,0
ID59000,1
ID59001,0
ID59002,0
ID59003,0
ID59004,0
ID59005,1
ID59006,1
ID59007,1
ID59008,0
ID59009,1
ID59010,1
ID59011,1
ID59012,0
ID59013,1
ID59014,1
ID59015,1
ID59016,1
ID59017,0
ID59018,0
ID59019,1
ID59020,0
ID59021,1
ID59022,1
ID59023,1
ID59024,1
ID59025,1
ID59026,1
ID59027,0
ID59028,1
ID59029,1
ID59030,0
ID59031,1
ID59032,1
ID59033,1
ID59034,1
ID59035,1
ID59036,1
ID59037,1
ID59038,1
ID59039,0
ID59040,1
ID59041,0
ID59042,0
ID59043,1
ID59044,0
ID59045,1
ID59046,0
ID59047,1
ID59048,1
ID59049,1
ID59050,0
ID59051,1
ID59052,1
ID59053,1
ID59054,0
ID59055,1
ID59056,1
ID59057,0
ID59058,0
ID59059,1
ID59060,1
ID59061,1
ID59062,1
ID59063,0
ID59064,0
ID59065,0
ID59066,1
ID59067,0
ID59068,0
ID59069,1
ID59070,1
ID59071,1
ID59072,1
ID59073,1
ID59074,1
ID59075,1
ID59076,1
ID59077,1
ID59078,0
ID59079,1
ID59080,1
ID59081,1
ID59082,1
ID59083,0
ID59084,1
ID59085,0
ID59086,1
ID59087,0
ID59088,0
ID59089,1
ID59090,1
ID59091,1
ID59092,1
ID59093,0
ID59094,1
ID59095,1
ID59096,1
ID59097,1
ID59098,1
ID59099,0
ID59100,1
ID59101,1
ID59102,1
ID59103,0
ID59104,0
ID59105,1
ID59106,1
ID59107,1
ID59108,0
ID59109,0
ID59110,0
ID59111,0
ID59112,0
ID59113,0
ID59114,1
ID59115,1
ID59116,0
ID59117,0
ID59118,0
ID59119,1
ID59120,0
ID59121,0
ID59122,1
ID59123,1
ID59124,0
ID59125,1
ID59126,1
ID59127,1
ID59128,1
ID59129,1
ID59130,1
ID59131,1
ID59132,0
ID59133,1
ID59134,0
ID59135,1
ID59136,1
ID59137,1
ID59138,1
ID59139,1
ID59140,1
ID59141,1
ID59142,1
ID59143,1
ID59144,1
ID59145,1
ID59146,0
ID59147,1
ID59148,1
ID59149,0
ID59150,0
ID59151,1
ID59152,0
ID59153,1
ID59154,0
ID59155,0
ID59156,0
ID59157,1
ID59158,1
ID59159,1
ID59160,1
ID59161,0
ID59162,1
ID59163,1
ID59164,1
ID59165,0
ID59166,1
ID59167,0
ID59168,1
ID59169,1
ID59170,1
ID59171,1
ID59172,1
ID59173,1
ID59174,1
ID59175,1
ID59176,0
ID59177,0
ID59178,1
ID59179,1
ID59180,0
ID59181,0
ID59182,0
ID59183,0
ID59184,1
ID59185,0
ID59186,1
ID59187,1
ID59188,1
ID59189,1
ID59190,1
ID59191,0
ID59192,0
ID59193,1
ID59194,0
ID59195,1
ID59196,1
ID59197,1
ID59198,1
ID59199,1
ID59200,1
ID59201,1
ID59202,1
ID59203,0
ID59204,0
ID59205,1
ID59206,0
ID59207,1
ID59208,0
ID59209,0
ID59210,1
ID59211,1
ID59212,1
ID59213,1
ID59214,1
ID59215,0
ID59216,1
ID59217,1
ID59218,0
ID59219,0
ID59220,0
ID59221,0
ID59222,1
ID59223,1
ID59224,1
ID59225,0
ID59226,1
ID59227,1
ID59228,1
ID59229,1
ID59230,0
ID59231,0
ID59232,0
ID59233,0
ID59234,0
ID59235,1
ID59236,0
ID59237,0
ID59238,0
ID59239,1
ID59240,1
ID59241,1
ID59242,0
ID59243,0
ID59244,1
ID59245,0
ID59246,1
ID59247,1
ID59248,1
ID59249,1
ID59250,1
ID59251,1
ID59252,0
ID59253,0
ID59254,1
ID59255,0
ID59256,1
ID59257,1
ID59258,0
ID59259,1
ID59260,0
ID59261,1
ID59262,1
ID59263,1
ID59264,0
ID59265,1
ID59266,0
ID59267,1
ID59268,1
ID59269,1
ID59270,1
ID59271,1
ID59272,0
ID59273,0
ID59274,1
ID59275,0
ID59276,1
ID59277,0
ID59278,1
ID59279,0
ID59280,0
ID59281,0
ID59282,0
ID59283,1
ID59284,1
ID59285,0
ID59286,0
ID59287,0
ID59288,1
ID59289,1
ID59290,0
ID59291,1
ID59292,1
ID59293,1
ID59294,1
ID59295,1
ID59296,0
ID59297,0
ID59298,1
ID59299,1
ID59300,1
ID59301,0
ID59302,1
ID59303,0
ID59304,1
ID59305,1
ID59306,1
ID59307,0
ID59308,1
ID59309,1
ID59310,0
ID59311,1
ID59312,0
ID59313,0
ID59314,1
ID59315,1
ID59316,1
ID59317,1
ID59318,1
ID59319,1
ID59320,1
ID59321,0
ID59322,1
ID59323,1
ID59324,1
ID59325,1
ID59326,0
ID59327,0
ID59328,1
ID59329,0
ID59330,1
ID59331,1
ID59332,0
ID59333,0
ID59334,1
ID59335,1
ID59336,1
ID59337,1
ID59338,0
ID59339,0
ID59340,1
ID59341,1
ID59342,1
ID59343,1
ID59344,1
ID59345,0
ID59346,1
ID59347,0
ID59348,1
ID59349,0
ID59350,1
ID59351,1
ID59352,1
ID59353,1
ID59354,1
ID59355,1
ID59356,0
ID59357,1
ID59358,0
ID59359,1
ID59360,1
ID59361,1
ID59362,0
ID59363,1
ID59364,0
ID59365,1
ID59366,1
ID59367,1
ID59368,1
ID59369,1
ID59370,1
ID59371,1
ID59372,1
ID59373,0
ID59374,1
ID59375,1
ID59376,0
ID59377,1
ID59378,1
ID59379,1
ID59380,1
ID59381,1
ID59382,0
ID59383,1
ID59384,1
ID59385,0
ID59386,1
ID59387,0
ID59388,1
ID59389,1
ID59390,1
ID59391,1
ID59392,1
ID59393,1
ID59394,0
ID59395,1
ID59396,1
ID59397,1
ID59398,0
ID59399,1
ID59400,1
ID59401,1
ID59402,1
ID59403,1
ID59404,0
ID59405,1
ID59406,1
ID59407,0
ID59408,0
ID59409,1
ID59410,1
ID59411,1
ID59412,1
ID59413,0
ID59414,0
ID59415,1
ID59416,1
ID59417,1
ID59418,0
ID59419,0
ID59420,1
ID59421,1
ID59422,1
ID59423,1
ID59424,0
ID59425,1
ID59426,0
ID59427,0
ID59428,1
ID59429,1
ID59430,0
ID59431,1
ID59432,1
ID59433,1
ID59434,1
ID59435,0
ID59436,0
ID59437,1
ID59438,0
ID59439,1
ID59440,1
ID59441,1
ID59442,1
ID59443,1
ID59444,0
ID59445,1
ID59446,1
ID59447,1
ID59448,1
ID59449,1
ID59450,1
ID59451,1
ID59452,1
ID59453,1
ID59454,0
ID59455,0
ID59456,1
ID59457,1
ID59458,1
ID59459,1
ID59460,0
ID59461,0
ID59462,1
ID59463,0
ID59464,0
ID59465,0
ID59466,1
ID59467,1
ID59468,1
ID59469,1
ID59470,1
ID59471,1
ID59472,0
ID59473,1
ID59474,1
ID59475,0
ID59476,0
ID59477,1
ID59478,1
ID59479,1
ID59480,1
ID59481,1
ID59482,1
ID59483,1
ID59484,0
ID59485,1
ID59486,0
ID59487,0
ID59488,0
ID59489,1
ID59490,1
ID59491,0
ID59492,1
ID59493,1
ID59494,0
ID59495,0
ID59496,1
ID59497,0
ID59498,0
ID59499,0
ID59500,0
ID59501,1
ID59502,1
ID59503,0
ID59504,1
ID59505,1
ID59506,1
ID59507,1
ID59508,0
ID59509,1
ID59510,1
ID59511,1
ID59512,1
ID59513,1
ID59514,0
ID59515,1
ID59516,1
ID59517,0
ID59518,1
ID59519,1
ID59520,0
ID59521,0
ID59522,1
ID59523,0
ID59524,0
ID59525,0
ID59526,0
ID59527,0
ID59528,0
ID59529,1
ID59530,1
ID59531,0
ID59532,1
ID59533,1
ID59534,1
ID59535,1
ID59536,1
ID59537,1
ID59538,0
ID59539,1
ID59540,1
ID59541,0
ID59542,1
ID59543,0
ID59544,1
ID59545,1
ID59546,1
ID59547,1
ID59548,1
ID59549,1
ID59550,1
ID59551,1
ID59552,1
ID59553,0
ID59554,1
ID59555,1
ID59556,1
ID59557,1
ID59558,1
ID59559,1
ID59560,0
ID59561,0
ID59562,0
ID59563,1
ID59564,1
ID59565,1
ID59566,1
ID59567,1
ID59568,0
ID59569,0
ID59570,1
ID59571,1
ID59572,0
ID59573,1
ID59574,1
ID59575,0
ID59576,0
ID59577,1
ID59578,0
ID59579,0
ID59580,1
ID59581,1
ID59582,0
ID59583,1
ID59584,1
ID59585,1
ID59586,1
ID59587,0
ID59588,1
ID59589,0
ID59590,1
ID59591,1
ID59592,0
ID59593,1
ID59594,1
ID59595,1
ID59596,1
ID59597,1
ID59598,1
ID59599,1
ID59600,0
ID59601,0
ID59602,1
ID59603,1
ID59604,1
ID59605,0
ID59606,1
ID59607,1
ID59608,1
ID59609,0
ID59610,1
ID59611,1
ID59612,0
ID59613,1
ID59614,1
ID59615,1
ID59616,1
ID59617,1
ID59618,1
ID59619,0
ID59620,1
ID59621,1
ID59622,1
ID59623,1
ID59624,1
ID59625,1
ID59626,0
ID59627,0
ID59628,1
ID59629,1
ID59630,0
ID59631,1
ID59632,0
ID59633,1
ID59634,1
ID59635,0
ID59636,0
ID59637,1
ID59638,0
ID59639,1
ID59640,1
ID59641,0
ID59642,1
ID59643,1
ID59644,0
ID59645,1
ID59646,1
ID59647,1
ID59648,1
ID59649,1
ID59650,1
ID59651,0
ID59652,0
ID59653,0
ID59654,0
ID59655,1
ID59656,1
ID59657,0
ID59658,1
ID59659,1
ID59660,1
ID59661,1
ID59662,1
ID59663,1
ID59664,1
ID59665,1
ID59666,1
ID59667,1
ID59668,1
ID59669,1
ID59670,1
ID59671,1
ID59672,1
ID59673,1
ID59674,1
ID59675,1
ID59676,0
ID59677,0
ID59678,1
ID59679,0
ID59680,1
ID59681,1
ID59682,0
ID59683,1
ID59684,0
ID59685,1
ID59686,1
ID59687,0
ID59688,0
ID59689,1
ID59690,1
ID59691,1
ID59692,1
ID59693,1
ID59694,1
ID59695,1
ID59696,1
ID59697,1
ID59698,1
ID59699,1
ID59700,0
ID59701,1
ID59702,0
ID59703,0
ID59704,1
ID59705,1
ID59706,0
ID59707,0
ID59708,1
ID59709,0
ID59710,0
ID59711,1
ID59712,0
ID59713,1
ID59714,1
ID59715,1
ID59716,1
ID59717,1
ID59718,1
ID59719,0
ID59720,0
ID59721,1
ID59722,1
ID59723,0
ID59724,1
ID59725,1
ID59726,1
ID59727,1
ID59728,1
ID59729,1
ID59730,1
ID59731,1
ID59732,1
ID59733,0
ID59734,1
ID59735,0
ID59736,1
ID59737,1
ID59738,1
ID59739,1
ID59740,1
ID59741,0
ID59742,0
ID59743,1
ID59744,1
ID59745,0
ID59746,1
ID59747,1
ID59748,1
ID59749,1
ID59750,1
ID59751,1
ID59752,0
ID59753,1
ID59754,1
ID59755,1
ID59756,0
ID59757,1
ID59758,1
ID59759,0
ID59760,1
ID59761,1
ID59762,1
ID59763,1
ID59764,1
ID59765,1
ID59766,1
ID59767,0
ID59768,0
ID59769,0
ID59770,1
ID59771,0
ID59772,1
ID59773,1
ID59774,1
ID59775,1
ID59776,0
ID59777,1
ID59778,0
ID59779,1
ID59780,1
ID59781,1
ID59782,1
ID59783,1
ID59784,1
ID59785,0
ID59786,0
ID59787,0
ID59788,0
ID59789,1
ID59790,0
ID59791,1
ID59792,0
ID59793,1
ID59794,0
ID59795,0
ID59796,1
ID59797,0
ID59798,1
ID59799,1
ID59800,0
ID59801,0
ID59802,1
ID59803,1
ID59804,0
ID59805,0
ID59806,1
ID59807,1
ID59808,0
ID59809,1
ID59810,0
ID59811,1
ID59812,1
ID59813,0
ID59814,1
ID59815,1
ID59816,1
ID59817,1
ID59818,1
ID59819,1
ID59820,1
ID59821,0
ID59822,0
ID59823,1
ID59824,0
ID59825,1
ID59826,1
ID59827,1
ID59828,0
ID59829,0
ID59830,1
ID59831,0
ID59832,1
ID59833,1
ID59834,0
ID59835,0
ID59836,1
ID59837,1
ID59838,0
ID59839,1
ID59840,1
ID59841,1
ID59842,0
ID59843,1
ID59844,1
ID59845,1
ID59846,1
ID59847,1
ID59848,1
ID59849,1
ID59850,1
ID59851,0
ID59852,1
ID59853,0
ID59854,1
ID59855,1
ID59856,0
ID59857,1
ID59858,1
ID59859,1
ID59860,1
ID59861,1
ID59862,1
ID59863,1
ID59864,1
ID59865,0
ID59866,1
ID59867,0
ID59868,1
ID59869,1
ID59870,1
ID59871,1
ID59872,1
ID59873,1
ID59874,1
ID59875,1
ID59876,1
ID59877,0
ID59878,1
ID59879,0
ID59880,1
ID59881,1
ID59882,0
ID59883,1
ID59884,0
ID59885,1
ID59886,0
ID59887,1
ID59888,1
ID59889,1
ID59890,0
ID59891,0
ID59892,0
ID59893,0
ID59894,1
ID59895,1
ID59896,1
ID59897,1
ID59898,1
ID59899,1
ID59900,0
ID59901,1
ID59902,0
ID59903,1
ID59904,0
ID59905,0
ID59906,1
ID59907,1
ID59908,0
ID59909,0
ID59910,1
ID59911,0
ID59912,1
ID59913,1
ID59914,1
ID59915,1
ID59916,0
ID59917,1
ID59918,1
ID59919,1
ID59920,1
ID59921,1
ID59922,1
ID59923,1
ID59924,0
ID59925,0
ID59926,1
ID59927,1
ID59928,0
ID59929,1
ID59930,1
ID59931,1
ID59932,0
ID59933,1
ID59934,1
ID59935,0
ID59936,1
ID59937,0
ID59938,0
ID59939,1
ID59940,1
ID59941,1
ID59942,1
ID59943,1
ID59944,1
ID59945,1
ID59946,0
ID59947,1
ID59948,0
ID59949,1
ID59950,0
ID59951,1
ID59952,1
ID59953,0
ID59954,0
ID59955,1
ID59956,1
ID59957,0
ID59958,1
ID59959,1
ID59960,1
ID59961,0
ID59962,1
ID59963,0
ID59964,1
ID59965,1
ID59966,0
ID59967,1
ID59968,1
ID59969,0
ID59970,1
ID59971,0
ID59972,1
ID59973,1
ID59974,0
ID59975,1
ID59976,1
ID59977,1
ID59978,1
ID59979,1
ID59980,0
ID59981,1
ID59982,1
ID59983,1
ID59984,1
ID59985,0
ID59986,1
ID59987,1
ID59988,0
ID59989,1
ID59990,1
ID59991,1
ID59992,1
ID59993,1
ID59994,1
ID59995,1
ID59996,1
ID59997,0
ID59998,1
ID59999,1
ID60000,1
ID60001,1
ID60002,1
ID60003,1
ID60004,0
ID60005,0
ID60006,0
ID60007,1
ID60008,1
ID60009,1
ID60010,1
ID60011,0
ID60012,1
ID60013,1
ID60014,0
ID60015,1
ID60016,0
ID60017,0
ID60018,1
ID60019,0
ID60020,1
ID60021,1
ID60022,0
ID60023,1
ID60024,1
ID60025,1
ID60026,0
ID60027,1
ID60028,0
ID60029,0
ID60030,1
ID60031,1
ID60032,1
ID60033,0
ID60034,1
ID60035,1
ID60036,1
ID60037,0
ID60038,1
ID60039,0
ID60040,1
ID60041,0
ID60042,0
ID60043,0
ID60044,1
ID60045,0
ID60046,1
ID60047,0
ID60048,1
ID60049,1
ID60050,1
ID60051,1
ID60052,0
ID60053,1
ID60054,0
ID60055,1
ID60056,1
ID60057,1
ID60058,0
ID60059,1
ID60060,1
ID60061,1
ID60062,1
ID60063,0
ID60064,0
ID60065,0
ID60066,0
ID60067,1
ID60068,0
ID60069,0
ID60070,0
ID60071,1
ID60072,1
ID60073,1
ID60074,1
ID60075,1
ID60076,1
ID60077,1
ID60078,0
ID60079,1
ID60080,1
ID60081,1
ID60082,1
ID60083,1
ID60084,1
ID60085,1
ID60086,1
ID60087,0
ID60088,0
ID60089,1
ID60090,0
ID60091,1
ID60092,1
ID60093,0
ID60094,1
ID60095,1
ID60096,1
ID60097,1
ID60098,1
ID60099,1
ID60100,1
ID60101,1
ID60102,1
ID60103,0
ID60104,1
ID60105,1
ID60106,1
ID60107,1
ID60108,0
ID60109,0
ID60110,0
ID60111,0
ID60112,0
ID60113,1
ID60114,0
ID60115,0
ID60116,1
ID60117,1
ID60118,0
ID60119,0
ID60120,1
ID60121,1
ID60122,0
ID60123,1
ID60124,1
ID60125,1
ID60126,1
ID60127,1
ID60128,1
ID60129,1
ID60130,1
ID60131,0
ID60132,1
ID60133,1
ID60134,1
ID60135,0
ID60136,0
ID60137,1
ID60138,1
ID60139,1
ID60140,1
ID60141,1
ID60142,0
ID60143,1
ID60144,1
ID60145,1
ID60146,1
ID60147,0
ID60148,0
ID60149,1
ID60150,0
ID60151,1
ID60152,1
ID60153,1
ID60154,0
ID60155,0
ID60156,1
ID60157,0
ID60158,1
ID60159,1
ID60160,1
ID60161,1
ID60162,0
ID60163,1
ID60164,1
ID60165,1
ID60166,1
ID60167,1
ID60168,1
ID60169,1
ID60170,1
ID60171,1
ID60172,0
ID60173,0
ID60174,1
ID60175,1
ID60176,0
ID60177,1
ID60178,1
ID60179,0
ID60180,1
ID60181,1
ID60182,1
ID60183,0
ID60184,1
ID60185,0
ID60186,1
ID60187,1
ID60188,0
ID60189,1
ID60190,0
ID60191,1
ID60192,1
ID60193,1
ID60194,0
ID60195,0
ID60196,0
ID60197,0
ID60198,1
ID60199,1
ID60200,0
ID60201,1
ID60202,1
ID60203,0
ID60204,1
ID60205,1
ID60206,0
ID60207,1
ID60208,1
ID60209,1
ID60210,1
ID60211,1
ID60212,1
ID60213,1
ID60214,0
ID60215,1
ID60216,1
ID60217,1
ID60218,0
ID60219,1
ID60220,1
ID60221,1
ID60222,1
ID60223,0
ID60224,1
ID60225,1
ID60226,0
ID60227,1
ID60228,1
ID60229,0
ID60230,0
ID60231,0
ID60232,1
ID60233,1
ID60234,1
ID60235,1
ID60236,0
ID60237,1
ID60238,1
ID60239,0
ID60240,1
ID60241,0
ID60242,1
ID60243,1
ID60244,0
ID60245,1
ID60246,1
ID60247,1
ID60248,1
ID60249,1
ID60250,0
ID60251,1
ID60252,1
ID60253,1
ID60254,0
ID60255,1
ID60256,1
ID60257,1
ID60258,1
ID60259,1
ID60260,0
ID60261,0
ID60262,1
ID60263,1
ID60264,0
ID60265,1
ID60266,0
ID60267,1
ID60268,1
ID60269,0
ID60270,1
ID60271,1
ID60272,1
ID60273,0
ID60274,1
ID60275,1
ID60276,1
ID60277,0
ID60278,1
ID60279,1
ID60280,1
ID60281,0
ID60282,1
ID60283,1
ID60284,0
ID60285,0
ID60286,1
ID60287,0
ID60288,1
ID60289,1
ID60290,1
ID60291,1
ID60292,0
ID60293,1
ID60294,1
ID60295,1
ID60296,0
ID60297,1
ID60298,1
ID60299,1
ID60300,0
ID60301,1
ID60302,0
ID60303,1
ID60304,1
ID60305,1
ID60306,1
ID60307,1
ID60308,0
ID60309,0
ID60310,1
ID60311,1
ID60312,0
ID60313,0
ID60314,1
ID60315,1
ID60316,1
ID60317,1
ID60318,0
ID60319,1
ID60320,1
ID60321,1
ID60322,1
ID60323,1
ID60324,0
ID60325,0
ID60326,1
ID60327,1
ID60328,1
ID60329,0
ID60330,0
ID60331,0
ID60332,0
ID60333,1
ID60334,0
ID60335,1
ID60336,1
ID60337,1
ID60338,1
ID60339,1
ID60340,1
ID60341,1
ID60342,0
ID60343,0
ID60344,1
ID60345,1
ID60346,1
ID60347,0
ID60348,0
ID60349,1
ID60350,1
ID60351,1
ID60352,1
ID60353,0
ID60354,1
ID60355,1
ID60356,1
ID60357,0
ID60358,0
ID60359,0
ID60360,1
ID60361,0
ID60362,1
ID60363,1
ID60364,1
ID60365,0
ID60366,0
ID60367,1
ID60368,1
ID60369,1
ID60370,0
ID60371,1
ID60372,0
ID60373,1
ID60374,0
ID60375,1
ID60376,1
ID60377,1
ID60378,0
ID60379,1
ID60380,1
ID60381,1
ID60382,1
ID60383,1
ID60384,1
ID60385,1
ID60386,1
ID60387,0
ID60388,1
ID60389,1
ID60390,1
ID60391,0
ID60392,0
ID60393,1
ID60394,0
ID60395,1
ID60396,1
ID60397,1
ID60398,0
ID60399,0
ID60400,1
ID60401,0
ID60402,1
ID60403,1
ID60404,0
ID60405,1
ID60406,1
ID60407,1
ID60408,1
ID60409,0
ID60410,0
ID60411,0
ID60412,0
ID60413,1
ID60414,1
ID60415,0
ID60416,1
ID60417,1
ID60418,1
ID60419,0
ID60420,1
ID60421,1
ID60422,1
ID60423,1
ID60424,1
ID60425,1
ID60426,0
ID60427,1
ID60428,1
ID60429,1
ID60430,1
ID60431,0
ID60432,1
ID60433,1
ID60434,1
ID60435,0
ID60436,1
ID60437,0
ID60438,1
ID60439,1
ID60440,1
ID60441,0
ID60442,1
ID60443,1
ID60444,0
ID60445,1
ID60446,1
ID60447,1
ID60448,1
ID60449,1
ID60450,1
ID60451,1
ID60452,0
ID60453,1
ID60454,0
ID60455,1
ID60456,0
ID60457,1
ID60458,1
ID60459,1
ID60460,1
ID60461,1
ID60462,1
ID60463,1
ID60464,1
ID60465,1
ID60466,1
ID60467,0
ID60468,1
ID60469,1
ID60470,0
ID60471,0
ID60472,0
ID60473,1
ID60474,0
ID60475,1
ID60476,1
ID60477,0
ID60478,1
ID60479,0
ID60480,0
ID60481,0
ID60482,1
ID60483,1
ID60484,0
ID60485,1
ID60486,1
ID60487,1
ID60488,1
ID60489,0
ID60490,1
ID60491,0
ID60492,1
ID60493,0
ID60494,1
ID60495,1
ID60496,0
ID60497,1
ID60498,0
ID60499,1
ID60500,1
ID60501,0
ID60502,0
ID60503,1
ID60504,1
ID60505,1
ID60506,1
ID60507,1
ID60508,0
ID60509,1
ID60510,1
ID60511,1
ID60512,1
ID60513,0
ID60514,1
ID60515,1
ID60516,1
ID60517,1
ID60518,1
ID60519,1
ID60520,1
ID60521,1
ID60522,1
ID60523,1
ID60524,1
ID60525,1
ID60526,0
ID60527,1
ID60528,0
ID60529,0
ID60530,1
ID60531,0
ID60532,0
ID60533,1
ID60534,1
ID60535,0
ID60536,1
ID60537,1
ID60538,0
ID60539,1
ID60540,1
ID60541,1
ID60542,0
ID60543,1
ID60544,1
ID60545,1
ID60546,0
ID60547,0
ID60548,1
ID60549,1
ID60550,1
ID60551,0
ID60552,1
ID60553,1
ID60554,1
ID60555,1
ID60556,0
ID60557,1
ID60558,0
ID60559,1
ID60560,0
ID60561,0
ID60562,1
ID60563,1
ID60564,1
ID60565,0
ID60566,1
ID60567,0
ID60568,0
ID60569,1
ID60570,1
ID60571,1
ID60572,1
ID60573,1
ID60574,0
ID60575,1
ID60576,1
ID60577,1
ID60578,1
ID60579,0
ID60580,0
ID60581,1
ID60582,1
ID60583,0
ID60584,1
ID60585,0
ID60586,1
ID60587,1
ID60588,0
ID60589,1
ID60590,0
ID60591,1
ID60592,1
ID60593,1
ID60594,1
ID60595,1
ID60596,0
ID60597,0
ID60598,1
ID60599,1
ID60600,1
ID60601,1
ID60602,0
ID60603,1
ID60604,0
ID60605,1
ID60606,1
ID60607,0
ID60608,1
ID60609,1
ID60610,1
ID60611,1
ID60612,0
ID60613,1
ID60614,1
ID60615,1
ID60616,1
ID60617,1
ID60618,1
ID60619,0
ID60620,1
ID60621,1
ID60622,1
ID60623,0
ID60624,1
ID60625,1
ID60626,1
ID60627,1
ID60628,0
ID60629,1
ID60630,1
ID60631,1
ID60632,1
ID60633,0
ID60634,0
ID60635,1
ID60636,0
ID60637,1
ID60638,0
ID60639,1
ID60640,1
ID60641,1
ID60642,0
ID60643,0
ID60644,0
ID60645,1
ID60646,0
ID60647,1
ID60648,1
ID60649,1
ID60650,1
ID60651,1
ID60652,1
ID60653,0
ID60654,1
ID60655,1
ID60656,0
ID60657,0
ID60658,1
ID60659,1
ID60660,1
ID60661,0
ID60662,0
ID60663,0
ID60664,1
ID60665,1
ID60666,1
ID60667,0
ID60668,1
ID60669,1
ID60670,0
ID60671,1
ID60672,1
ID60673,0
ID60674,0
ID60675,1
ID60676,1
ID60677,1
ID60678,0
ID60679,0
ID60680,1
ID60681,0
ID60682,0
ID60683,0
ID60684,1
ID60685,0
ID60686,1
ID60687,1
ID60688,1
ID60689,1
ID60690,0
ID60691,0
ID60692,1
ID60693,1
ID60694,1
ID60695,1
ID60696,1
ID60697,1
ID60698,1
ID60699,0
ID60700,1
ID60701,1
ID60702,1
ID60703,1
ID60704,1
ID60705,0
ID60706,1
ID60707,1
ID60708,0
ID60709,0
ID60710,0
ID60711,1
ID60712,0
ID60713,1
ID60714,0
ID60715,1
ID60716,0
ID60717,1
ID60718,1
ID60719,1
ID60720,1
ID60721,1
ID60722,0
ID60723,1
ID60724,1
ID60725,1
ID60726,0
ID60727,0
ID60728,0
ID60729,1
ID60730,1
ID60731,0
ID60732,1
ID60733,1
ID60734,1
ID60735,0
ID60736,0
ID60737,1
ID60738,1
ID60739,0
ID60740,1
ID60741,0
ID60742,1
ID60743,1
ID60744,1
ID60745,1
ID60746,0
ID60747,1
ID60748,0
ID60749,1
ID60750,1
ID60751,1
ID60752,1
ID60753,1
ID60754,1
ID60755,1
ID60756,1
ID60757,0
ID60758,0
ID60759,0
ID60760,0
ID60761,1
ID60762,0
ID60763,1
ID60764,1
ID60765,1
ID60766,1
ID60767,1
ID60768,1
ID60769,1
ID60770,1
ID60771,0
ID60772,1
ID60773,0
ID60774,1
ID60775,0
ID60776,1
ID60777,0
ID60778,0
ID60779,0
ID60780,0
ID60781,0
ID60782,1
ID60783,1
ID60784,1
ID60785,1
ID60786,1
ID60787,1
ID60788,1
ID60789,1
ID60790,1
ID60791,1
ID60792,0
ID60793,0
ID60794,1
ID60795,0
ID60796,1
ID60797,1
ID60798,1
ID60799,1
ID60800,1
ID60801,1
ID60802,1
ID60803,0
ID60804,0
ID60805,1
ID60806,1
ID60807,1
ID60808,1
ID60809,0
ID60810,1
ID60811,1
ID60812,1
ID60813,1
ID60814,1
ID60815,0
ID60816,1
ID60817,0
ID60818,1
ID60819,1
ID60820,1
ID60821,0
ID60822,0
ID60823,1
ID60824,1
ID60825,1
ID60826,0
ID60827,0
ID60828,1
ID60829,1
ID60830,1
ID60831,0
ID60832,1
ID60833,0
ID60834,1
ID60835,1
ID60836,1
ID60837,0
ID60838,0
ID60839,1
ID60840,1
ID60841,0
ID60842,1
ID60843,0
ID60844,0
ID60845,0
ID60846,1
ID60847,1
ID60848,1
ID60849,1
ID60850,0
ID60851,1
ID60852,0
ID60853,1
ID60854,1
ID60855,1
ID60856,1
ID60857,0
ID60858,1
ID60859,1
ID60860,1
ID60861,1
ID60862,1
ID60863,1
ID60864,1
ID60865,1
ID60866,1
ID60867,1
ID60868,1
ID60869,1
ID60870,0
ID60871,0
ID60872,1
ID60873,1
ID60874,0
ID60875,1
ID60876,1
ID60877,1
ID60878,1
ID60879,1
ID60880,0
ID60881,1
ID60882,0
ID60883,1
ID60884,0
ID60885,1
ID60886,1
ID60887,1
ID60888,1
ID60889,1
ID60890,1
ID60891,1
ID60892,1
ID60893,1
ID60894,1
ID60895,0
ID60896,1
ID60897,0
ID60898,0
ID60899,1
ID60900,0
ID60901,1
ID60902,1
ID60903,0
ID60904,0
ID60905,1
ID60906,1
ID60907,1
ID60908,1
ID60909,0
ID60910,0
ID60911,0
ID60912,1
ID60913,1
ID60914,0
ID60915,0
ID60916,1
ID60917,1
ID60918,1
ID60919,1
ID60920,1
ID60921,1
ID60922,0
ID60923,1
ID60924,1
ID60925,1
ID60926,1
ID60927,1
ID60928,1
ID60929,1
ID60930,0
ID60931,1
ID60932,1
ID60933,1
ID60934,1
ID60935,1
ID60936,1
ID60937,1
ID60938,0
ID60939,1
ID60940,0
ID60941,1
ID60942,1
ID60943,1
ID60944,1
ID60945,0
ID60946,1
ID60947,1
ID60948,1
ID60949,1
ID60950,1
ID60951,1
ID60952,0
ID60953,1
ID60954,0
ID60955,1
ID60956,1
ID60957,1
ID60958,1
ID60959,0
ID60960,1
ID60961,1
ID60962,1
ID60963,0
ID60964,1
ID60965,1
ID60966,1
ID60967,1
ID60968,0
ID60969,1
ID60970,1
ID60971,1
ID60972,1
ID60973,1
ID60974,0
ID60975,1
ID60976,1
ID60977,1
ID60978,1
ID60979,1
ID60980,0
ID60981,1
ID60982,1
ID60983,0
ID60984,1
ID60985,1
ID60986,0
ID60987,0
ID60988,1
ID60989,1
ID60990,1
ID60991,1
ID60992,0
ID60993,1
ID60994,1
ID60995,1
ID60996,1
ID60997,1
ID60998,0
ID60999,1
ID61000,0
ID61001,1
ID61002,0
ID61003,1
ID61004,1
ID61005,1
ID61006,1
ID61007,1
ID61008,1
ID61009,0
ID61010,1
ID61011,1
ID61012,1
ID61013,1
ID61014,0
ID61015,1
ID61016,0
ID61017,1
ID61018,0
ID61019,0
ID61020,1
ID61021,1
ID61022,1
ID61023,1
ID61024,0
ID61025,1
ID61026,1
ID61027,1
ID61028,0
ID61029,0
ID61030,0
ID61031,0
ID61032,1
ID61033,1
ID61034,1
ID61035,1
ID61036,1
ID61037,0
ID61038,0
ID61039,0
ID61040,1
ID61041,0
ID61042,1
ID61043,1
ID61044,1
ID61045,0
ID61046,1
ID61047,1
ID61048,1
ID61049,0
ID61050,1
ID61051,0
ID61052,0
ID61053,1
ID61054,1
ID61055,1
ID61056,1
ID61057,0
ID61058,0
ID61059,1
ID61060,0
ID61061,1
ID61062,0
ID61063,0
ID61064,1
ID61065,0
ID61066,1
ID61067,0
ID61068,1
ID61069,1
ID61070,1
ID61071,1
ID61072,1
ID61073,1
ID61074,1
ID61075,1
ID61076,1
ID61077,0
ID61078,0
ID61079,1
ID61080,1
ID61081,1
ID61082,1
ID61083,1
ID61084,1
ID61085,0
ID61086,1
ID61087,1
ID61088,1
ID61089,1
ID61090,1
ID61091,0
ID61092,0
ID61093,1
ID61094,1
ID61095,1
ID61096,1
ID61097,1
ID61098,0
ID61099,1
ID61100,1
ID61101,1
ID61102,1
ID61103,1
ID61104,1
ID61105,0
ID61106,0
ID61107,1
ID61108,0
ID61109,1
ID61110,0
ID61111,1
ID61112,0
ID61113,1
ID61114,1
ID61115,1
ID61116,1
ID61117,1
ID61118,1
ID61119,1
ID61120,0
ID61121,0
ID61122,1
ID61123,1
ID61124,1
ID61125,1
ID61126,0
ID61127,0
ID61128,1
ID61129,1
ID61130,0
ID61131,1
ID61132,0
ID61133,1
ID61134,1
ID61135,1
ID61136,1
ID61137,1
ID61138,1
ID61139,0
ID61140,1
ID61141,1
ID61142,1
ID61143,1
ID61144,1
ID61145,0
ID61146,1
ID61147,0
ID61148,0
ID61149,1
ID61150,1
ID61151,0
ID61152,1
ID61153,1
ID61154,0
ID61155,1
ID61156,0
ID61157,0
ID61158,1
ID61159,0
ID61160,0
ID61161,1
ID61162,1
ID61163,1
ID61164,1
ID61165,1
ID61166,1
ID61167,1
ID61168,1
ID61169,1
ID61170,1
ID61171,1
ID61172,1
ID61173,1
ID61174,1
ID61175,0
ID61176,0
ID61177,0
ID61178,0
ID61179,1
ID61180,0
ID61181,1
ID61182,1
ID61183,1
ID61184,1
ID61185,0
ID61186,0
ID61187,0
ID61188,1
ID61189,1
ID61190,1
ID61191,1
ID61192,1
ID61193,0
ID61194,0
ID61195,1
ID61196,0
ID61197,1
ID61198,1
ID61199,0
ID61200,0
ID61201,0
ID61202,1
ID61203,0
ID61204,1
ID61205,0
ID61206,1
ID61207,1
ID61208,1
ID61209,1
ID61210,0
ID61211,1
ID61212,1
ID61213,1
ID61214,1
ID61215,0
ID61216,0
ID61217,1
ID61218,0
ID61219,1
ID61220,1
ID61221,1
ID61222,1
ID61223,1
ID61224,0
ID61225,1
ID61226,1
ID61227,1
ID61228,0
ID61229,1
ID61230,1
ID61231,1
ID61232,0
ID61233,1
ID61234,1
ID61235,0
ID61236,1
ID61237,0
ID61238,0
ID61239,0
ID61240,0
ID61241,1
ID61242,1
ID61243,0
ID61244,0
ID61245,1
ID61246,0
ID61247,0
ID61248,1
ID61249,0
ID61250,1
ID61251,0
ID61252,1
ID61253,0
ID61254,1
ID61255,1
ID61256,0
ID61257,0
ID61258,1
ID61259,0
ID61260,1
ID61261,0
ID61262,0
ID61263,1
ID61264,1
ID61265,1
ID61266,1
ID61267,0
ID61268,1
ID61269,1
ID61270,0
ID61271,1
ID61272,1
ID61273,1
ID61274,0
ID61275,1
ID61276,1
ID61277,1
ID61278,0
ID61279,0
ID61280,1
ID61281,1
ID61282,1
ID61283,1
ID61284,1
ID61285,1
ID61286,1
ID61287,1
ID61288,1
ID61289,1
ID61290,1
ID61291,1
ID61292,0
ID61293,1
ID61294,1
ID61295,1
ID61296,1
ID61297,1
ID61298,1
ID61299,0
ID61300,0
ID61301,0
ID61302,1
ID61303,0
ID61304,1
ID61305,0
ID61306,1
ID61307,1
ID61308,1
ID61309,1
ID61310,0
ID61311,1
ID61312,0
ID61313,1
ID61314,1
ID61315,0
ID61316,1
ID61317,1
ID61318,0
ID61319,1
ID61320,1
ID61321,1
ID61322,1
ID61323,1
ID61324,1
ID61325,1
ID61326,1
ID61327,0
ID61328,1
ID61329,1
ID61330,0
ID61331,1
ID61332,1
ID61333,0
ID61334,1
ID61335,1
ID61336,1
ID61337,1
ID61338,1
ID61339,0
ID61340,1
ID61341,0
ID61342,1
ID61343,1
ID61344,1
ID61345,1
ID61346,1
ID61347,0
ID61348,0
ID61349,1
ID61350,0
ID61351,1
ID61352,0
ID61353,0
ID61354,0
ID61355,0
ID61356,0
ID61357,0
ID61358,1
ID61359,0
ID61360,1
ID61361,1
ID61362,0
ID61363,1
ID61364,0
ID61365,1
ID61366,1
ID61367,1
ID61368,0
ID61369,0
ID61370,1
ID61371,1
ID61372,1
ID61373,1
ID61374,0
ID61375,1
ID61376,1
ID61377,1
ID61378,1
ID61379,1
ID61380,0
ID61381,1
ID61382,1
ID61383,0
ID61384,0
ID61385,1
ID61386,1
ID61387,1
ID61388,0
ID61389,1
ID61390,0
ID61391,1
ID61392,1
ID61393,0
ID61394,1
ID61395,1
ID61396,1
ID61397,1
ID61398,0
ID61399,1
ID61400,1
ID61401,1
ID61402,1
ID61403,1
ID61404,1
ID61405,1
ID61406,1
ID61407,1
ID61408,1
ID61409,0
ID61410,0
ID61411,0
ID61412,1
ID61413,1
ID61414,0
ID61415,1
ID61416,0
ID61417,0
ID61418,1
ID61419,1
ID61420,1
ID61421,1
ID61422,1
ID61423,0
ID61424,1
ID61425,0
ID61426,1
ID61427,1
ID61428,1
ID61429,1
ID61430,1
ID61431,1
ID61432,0
ID61433,1
ID61434,0
ID61435,0
ID61436,0
ID61437,1
ID61438,1
ID61439,0
ID61440,1
ID61441,1
ID61442,0
ID61443,0
ID61444,1
ID61445,0
ID61446,1
ID61447,0
ID61448,1
ID61449,0
ID61450,1
ID61451,0
ID61452,0
ID61453,0
ID61454,1
ID61455,0
ID61456,0
ID61457,1
ID61458,1
ID61459,1
ID61460,1
ID61461,1
ID61462,0
ID61463,1
ID61464,1
ID61465,0
ID61466,0
ID61467,1
ID61468,1
ID61469,1
ID61470,0
ID61471,0
ID61472,1
ID61473,0
ID61474,0
ID61475,1
ID61476,1
ID61477,1
ID61478,1
ID61479,0
ID61480,0
ID61481,1
ID61482,1
ID61483,1
ID61484,1
ID61485,1
ID61486,0
ID61487,1
ID61488,1
ID61489,1
ID61490,1
ID61491,1
ID61492,1
ID61493,0
ID61494,1
ID61495,0
ID61496,1
ID61497,1
ID61498,0
ID61499,1
ID61500,1
ID61501,1
ID61502,1
ID61503,1
ID61504,1
ID61505,1
ID61506,0
ID61507,1
ID61508,0
ID61509,0
ID61510,1
ID61511,1
ID61512,1
ID61513,1
ID61514,0
ID61515,0
ID61516,0
ID61517,1
ID61518,1
ID61519,0
ID61520,0
ID61521,1
ID61522,0
ID61523,0
ID61524,1
ID61525,0
ID61526,1
ID61527,1
ID61528,0
ID61529,1
ID61530,1
ID61531,1
ID61532,1
ID61533,0
ID61534,1
ID61535,1
ID61536,1
ID61537,0
ID61538,1
ID61539,1
ID61540,0
ID61541,0
ID61542,1
ID61543,0
ID61544,0
ID61545,1
ID61546,1
ID61547,1
ID61548,1
ID61549,0
ID61550,0
ID61551,1
ID61552,1
ID61553,1
ID61554,1
ID61555,1
ID61556,0
ID61557,1
ID61558,1
ID61559,1
ID61560,1
ID61561,1
ID61562,1
ID61563,1
ID61564,0
ID61565,0
ID61566,1
ID61567,1
ID61568,1
ID61569,1
ID61570,1
ID61571,1
ID61572,1
ID61573,1
ID61574,1
ID61575,0
ID61576,1
ID61577,1
ID61578,1
ID61579,1
ID61580,1
ID61581,1
ID61582,0
ID61583,0
ID61584,1
ID61585,0
ID61586,1
ID61587,0
ID61588,1
ID61589,1
ID61590,1
ID61591,0
ID61592,0
ID61593,0
ID61594,1
ID61595,0
ID61596,1
ID61597,1
ID61598,1
ID61599,0
ID61600,0
ID61601,0
ID61602,0
ID61603,1
ID61604,0
ID61605,1
ID61606,0
ID61607,0
ID61608,1
ID61609,0
ID61610,1
ID61611,1
ID61612,1
ID61613,1
ID61614,1
ID61615,1
ID61616,0
ID61617,1
ID61618,0
ID61619,1
ID61620,1
ID61621,0
ID61622,1
ID61623,1
ID61624,1
ID61625,0
ID61626,0
ID61627,1
ID61628,1
ID61629,0
ID61630,1
ID61631,0
ID61632,0
ID61633,1
ID61634,1
ID61635,1
ID61636,1
ID61637,1
ID61638,1
ID61639,1
ID61640,1
ID61641,0
ID61642,1
ID61643,1
ID61644,1
ID61645,1
ID61646,0
ID61647,1
ID61648,1
ID61649,0
ID61650,1
ID61651,1
ID61652,1
ID61653,1
ID61654,1
ID61655,0
ID61656,1
ID61657,1
ID61658,1
ID61659,1
ID61660,1
ID61661,0
ID61662,1
ID61663,1
ID61664,1
ID61665,0
ID61666,1
ID61667,0
ID61668,1
ID61669,0
ID61670,1
ID61671,0
ID61672,0
ID61673,1
ID61674,1
ID61675,1
ID61676,1
ID61677,1
ID61678,1
ID61679,1
ID61680,1
ID61681,0
ID61682,1
ID61683,1
ID61684,1
ID61685,1
ID61686,1
ID61687,1
ID61688,1
ID61689,1
ID61690,0
ID61691,1
ID61692,1
ID61693,1
ID61694,1
ID61695,0
ID61696,1
ID61697,1
ID61698,1
ID61699,1
ID61700,0
ID61701,1
ID61702,0
ID61703,1
ID61704,1
ID61705,1
ID61706,0
ID61707,0
ID61708,1
ID61709,0
ID61710,1
ID61711,1
ID61712,1
ID61713,1
ID61714,1
ID61715,1
ID61716,1
ID61717,0
ID61718,1
ID61719,1
ID61720,1
ID61721,1
ID61722,0
ID61723,1
ID61724,1
ID61725,1
ID61726,1
ID61727,1
ID61728,1
ID61729,1
ID61730,1
ID61731,1
ID61732,0
ID61733,1
ID61734,1
ID61735,1
ID61736,0
ID61737,0
ID61738,0
ID61739,1
ID61740,0
ID61741,0
ID61742,1
ID61743,1
ID61744,1
ID61745,1
ID61746,1
ID61747,0
ID61748,1
ID61749,0
ID61750,1
ID61751,0
ID61752,1
ID61753,1
ID61754,1
ID61755,0
ID61756,1
ID61757,1
ID61758,1
ID61759,1
ID61760,1
ID61761,0
ID61762,1
ID61763,1
ID61764,1
ID61765,1
ID61766,1
ID61767,1
ID61768,1
ID61769,0
ID61770,1
ID61771,1
ID61772,1
ID61773,1
ID61774,1
ID61775,0
ID61776,0
ID61777,1
ID61778,0
ID61779,0
ID61780,0
ID61781,0
ID61782,1
ID61783,0
ID61784,1
ID61785,1
ID61786,0
ID61787,1
ID61788,0
ID61789,0
ID61790,1
ID61791,1
ID61792,1
ID61793,1
ID61794,1
ID61795,1
ID61796,0
ID61797,0
ID61798,1
ID61799,1
ID61800,0
ID61801,1
ID61802,1
ID61803,1
ID61804,1
ID61805,1
ID61806,1
ID61807,1
ID61808,0
ID61809,1
ID61810,1
ID61811,1
ID61812,0
ID61813,1
ID61814,1
ID61815,1
ID61816,1
ID61817,1
ID61818,1
ID61819,0
ID61820,1
ID61821,1
ID61822,1
ID61823,1
ID61824,0
ID61825,1
ID61826,1
ID61827,1
ID61828,1
ID61829,1
ID61830,1
ID61831,1
ID61832,1
ID61833,1
ID61834,1
ID61835,1
ID61836,1
ID61837,1
ID61838,1
ID61839,0
ID61840,0
ID61841,0
ID61842,1
ID61843,0
ID61844,1
ID61845,0
ID61846,1
ID61847,1
ID61848,0
ID61849,1
ID61850,1
ID61851,0
ID61852,1
ID61853,0
ID61854,1
ID61855,1
ID61856,0
ID61857,0
ID61858,1
ID61859,1
ID61860,0
ID61861,1
ID61862,0
ID61863,1
ID61864,0
ID61865,1
ID61866,0
ID61867,1
ID61868,1
ID61869,1
ID61870,1
ID61871,0
ID61872,1
ID61873,1
ID61874,1
ID61875,1
ID61876,0
ID61877,1
ID61878,1
ID61879,1
ID61880,1
ID61881,1
ID61882,1
ID61883,1
ID61884,1
ID61885,1
ID61886,0
ID61887,0
ID61888,0
ID61889,1
ID61890,1
ID61891,1
ID61892,1
ID61893,1
ID61894,1
ID61895,0
ID61896,0
ID61897,1
ID61898,1
ID61899,0
ID61900,1
ID61901,1
ID61902,1
ID61903,0
ID61904,1
ID61905,0
ID61906,0
ID61907,1
ID61908,1
ID61909,1
ID61910,1
ID61911,1
ID61912,1
ID61913,0
ID61914,0
ID61915,0
ID61916,1
ID61917,1
ID61918,1
ID61919,1
ID61920,1
ID61921,0
ID61922,1
ID61923,1
ID61924,1
ID61925,1
ID61926,0
ID61927,1
ID61928,0
ID61929,1
ID61930,1
ID61931,0
ID61932,0
ID61933,0
ID61934,1
ID61935,0
ID61936,1
ID61937,1
ID61938,1
ID61939,1
ID61940,1
ID61941,1
ID61942,1
ID61943,1
ID61944,1
ID61945,0
ID61946,1
ID61947,1
ID61948,1
ID61949,1
ID61950,0
ID61951,1
ID61952,1
ID61953,0
ID61954,0
ID61955,1
ID61956,1
ID61957,1
ID61958,1
ID61959,0
ID61960,0
ID61961,1
ID61962,0
ID61963,0
ID61964,1
ID61965,1
ID61966,1
ID61967,1
ID61968,1
ID61969,1
ID61970,1
ID61971,1
ID61972,0
ID61973,1
ID61974,1
ID61975,1
ID61976,1
ID61977,1
ID61978,0
ID61979,1
ID61980,0
ID61981,0
ID61982,0
ID61983,1
ID61984,1
ID61985,1
ID61986,0
ID61987,1
ID61988,1
ID61989,1
ID61990,0
ID61991,1
ID61992,1
ID61993,1
ID61994,1
ID61995,1
ID61996,1
ID61997,1
ID61998,1
ID61999,1
ID62000,1
ID62001,1
ID62002,0
ID62003,0
ID62004,1
ID62005,1
ID62006,1
ID62007,1
ID62008,0
ID62009,1
ID62010,1
ID62011,1
ID62012,1
ID62013,0
ID62014,1
ID62015,1
ID62016,1
ID62017,0
ID62018,1
ID62019,1
ID62020,1
ID62021,1
ID62022,0
ID62023,1
ID62024,1
ID62025,1
ID62026,0
ID62027,1
ID62028,1
ID62029,1
ID62030,0
ID62031,1
ID62032,1
ID62033,1
ID62034,1
ID62035,1
ID62036,0
ID62037,1
ID62038,0
ID62039,1
ID62040,0
ID62041,1
ID62042,0
ID62043,1
ID62044,1
ID62045,0
ID62046,1
ID62047,0
ID62048,1
ID62049,1
ID62050,1
ID62051,1
ID62052,1
ID62053,1
ID62054,1
ID62055,0
ID62056,1
ID62057,1
ID62058,1
ID62059,0
ID62060,1
ID62061,1
ID62062,1
ID62063,0
ID62064,1
ID62065,1
ID62066,0
ID62067,1
ID62068,1
ID62069,1
ID62070,1
ID62071,1
ID62072,1
ID62073,0
ID62074,1
ID62075,1
ID62076,1
ID62077,0
ID62078,0
ID62079,0
ID62080,1
ID62081,1
ID62082,1
ID62083,1
ID62084,1
ID62085,1
ID62086,1
ID62087,1
ID62088,1
ID62089,0
ID62090,0
ID62091,0
ID62092,1
ID62093,1
ID62094,0
ID62095,1
ID62096,1
ID62097,0
ID62098,0
ID62099,1
ID62100,1
ID62101,0
ID62102,1
ID62103,1
ID62104,1
ID62105,1
ID62106,1
ID62107,1
ID62108,1
ID62109,1
ID62110,1
ID62111,1
ID62112,0
ID62113,1
ID62114,1
ID62115,1
ID62116,1
ID62117,1
ID62118,0
ID62119,1
ID62120,1
ID62121,1
ID62122,1
ID62123,1
ID62124,1
ID62125,0
ID62126,0
ID62127,0
ID62128,1
ID62129,0
ID62130,0
ID62131,0
ID62132,1
ID62133,1
ID62134,1
ID62135,1
ID62136,1
ID62137,1
ID62138,1
ID62139,1
ID62140,0
ID62141,1
ID62142,1
ID62143,1
ID62144,1
ID62145,1
ID62146,1
ID62147,1
ID62148,0
ID62149,0
ID62150,1
ID62151,0
ID62152,0
ID62153,0
ID62154,0
ID62155,1
ID62156,1
ID62157,0
ID62158,1
ID62159,1
ID62160,0
ID62161,1
ID62162,1
ID62163,0
ID62164,1
ID62165,0
ID62166,0
ID62167,1
ID62168,1
ID62169,1
ID62170,1
ID62171,0
ID62172,1
ID62173,0
ID62174,1
ID62175,1
ID62176,1
ID62177,1
ID62178,1
ID62179,1
ID62180,1
ID62181,1
ID62182,0
ID62183,0
ID62184,0
ID62185,1
ID62186,0
ID62187,0
ID62188,1
ID62189,1
ID62190,1
ID62191,1
ID62192,0
ID62193,0
ID62194,0
ID62195,1
ID62196,0
ID62197,1
ID62198,0
ID62199,1
ID62200,1
ID62201,0
ID62202,1
ID62203,1
ID62204,1
ID62205,1
ID62206,0
ID62207,0
ID62208,1
ID62209,1
ID62210,1
ID62211,1
ID62212,1
ID62213,1
ID62214,0
ID62215,1
ID62216,0
ID62217,1
ID62218,1
ID62219,1
ID62220,1
ID62221,1
ID62222,1
ID62223,1
ID62224,1
ID62225,1
ID62226,1
ID62227,0
ID62228,0
ID62229,1
ID62230,1
ID62231,1
ID62232,1
ID62233,1
ID62234,1
ID62235,1
ID62236,0
ID62237,1
ID62238,0
ID62239,1
ID62240,1
ID62241,1
ID62242,0
ID62243,1
ID62244,0
ID62245,1
ID62246,0
ID62247,0
ID62248,1
ID62249,1
ID62250,1
ID62251,1
ID62252,1
ID62253,0
ID62254,1
ID62255,0
ID62256,0
ID62257,1
ID62258,1
ID62259,1
ID62260,0
ID62261,1
ID62262,0
ID62263,1
ID62264,1
ID62265,0
ID62266,1
ID62267,1
ID62268,1
ID62269,1
ID62270,1
ID62271,0
ID62272,1
ID62273,1
ID62274,1
ID62275,1
ID62276,1
ID62277,1
ID62278,1
ID62279,1
ID62280,0
ID62281,1
ID62282,1
ID62283,0
ID62284,1
ID62285,1
ID62286,0
ID62287,1
ID62288,1
ID62289,0
ID62290,0
ID62291,1
ID62292,1
ID62293,0
ID62294,0
ID62295,1
ID62296,0
ID62297,1
ID62298,0
ID62299,1
ID62300,0
ID62301,1
ID62302,1
ID62303,1
ID62304,1
ID62305,1
ID62306,1
ID62307,1
ID62308,1
ID62309,1
ID62310,1
ID62311,1
ID62312,0
ID62313,1
ID62314,1
ID62315,1
ID62316,1
ID62317,1
ID62318,1
ID62319,1
ID62320,1
ID62321,1
ID62322,1
ID62323,0
ID62324,1
ID62325,0
ID62326,1
ID62327,0
ID62328,1
ID62329,1
ID62330,1
ID62331,1
ID62332,0
ID62333,1
ID62334,1
ID62335,0
ID62336,1
ID62337,0
ID62338,1
ID62339,0
ID62340,1
ID62341,1
ID62342,1
ID62343,1
ID62344,0
ID62345,1
ID62346,1
ID62347,1
ID62348,1
ID62349,1
ID62350,1
ID62351,1
ID62352,1
ID62353,1
ID62354,0
ID62355,1
ID62356,0
ID62357,0
ID62358,1
ID62359,1
ID62360,0
ID62361,0
ID62362,1
ID62363,0
ID62364,1
ID62365,1
ID62366,0
ID62367,1
ID62368,0
ID62369,1
ID62370,0
ID62371,1
ID62372,0
ID62373,1
ID62374,1
ID62375,1
ID62376,0
ID62377,1
ID62378,0
ID62379,1
ID62380,1
ID62381,0
ID62382,0
ID62383,1
ID62384,0
ID62385,1
ID62386,1
ID62387,0
ID62388,1
ID62389,1
ID62390,1
ID62391,0
ID62392,1
ID62393,0
ID62394,1
ID62395,1
ID62396,1
ID62397,1
ID62398,0
ID62399,1
ID62400,1
ID62401,0
ID62402,1
ID62403,1
ID62404,1
ID62405,1
ID62406,0
ID62407,1
ID62408,1
ID62409,1
ID62410,1
ID62411,1
ID62412,1
ID62413,1
ID62414,1
ID62415,1
ID62416,1
ID62417,1
ID62418,1
ID62419,0
ID62420,1
ID62421,0
ID62422,1
ID62423,1
ID62424,0
ID62425,1
ID62426,1
ID62427,0
ID62428,1
ID62429,1
ID62430,1
ID62431,1
ID62432,1
ID62433,1
ID62434,1
ID62435,1
ID62436,0
ID62437,0
ID62438,0
ID62439,1
ID62440,0
ID62441,1
ID62442,0
ID62443,1
ID62444,0
ID62445,1
ID62446,1
ID62447,0
ID62448,0
ID62449,1
ID62450,1
ID62451,0
ID62452,1
ID62453,1
ID62454,1
ID62455,1
ID62456,1
ID62457,1
ID62458,0
ID62459,0
ID62460,0
ID62461,1
ID62462,1
ID62463,0
ID62464,1
ID62465,1
ID62466,0
ID62467,1
ID62468,1
ID62469,1
ID62470,0
ID62471,0
ID62472,1
ID62473,1
ID62474,1
ID62475,1
ID62476,1
ID62477,1
ID62478,1
ID62479,0
ID62480,0
ID62481,0
ID62482,1
ID62483,1
ID62484,1
ID62485,1
ID62486,1
ID62487,1
ID62488,1
ID62489,0
ID62490,1
ID62491,1
ID62492,0
ID62493,1
ID62494,0
ID62495,1
ID62496,0
ID62497,1
ID62498,1
ID62499,0
ID62500,1
ID62501,0
ID62502,0
ID62503,1
ID62504,0
ID62505,1
ID62506,1
ID62507,1
ID62508,1
ID62509,1
ID62510,0
ID62511,1
ID62512,1
ID62513,0
ID62514,1
ID62515,1
ID62516,1
ID62517,1
ID62518,1
ID62519,1
ID62520,0
ID62521,0
ID62522,0
ID62523,1
ID62524,1
ID62525,1
ID62526,0
ID62527,1
ID62528,1
ID62529,0
ID62530,1
ID62531,1
ID62532,1
ID62533,1
ID62534,1
ID62535,1
ID62536,1
ID62537,1
ID62538,0
ID62539,0
ID62540,1
ID62541,1
ID62542,1
ID62543,0
ID62544,1
ID62545,1
ID62546,0
ID62547,0
ID62548,1
ID62549,0
ID62550,1
ID62551,0
ID62552,1
ID62553,1
ID62554,0
ID62555,0
ID62556,1
ID62557,1
ID62558,1
ID62559,1
ID62560,0
ID62561,1
ID62562,1
ID62563,0
ID62564,0
ID62565,0
ID62566,1
ID62567,1
ID62568,1
ID62569,1
ID62570,0
ID62571,1
ID62572,1
ID62573,0
ID62574,0
ID62575,1
ID62576,1
ID62577,1
ID62578,0
ID62579,0
ID62580,1
ID62581,1
ID62582,1
ID62583,1
ID62584,1
ID62585,1
ID62586,1
ID62587,0
ID62588,1
ID62589,1
ID62590,0
ID62591,1
ID62592,1
ID62593,0
ID62594,1
ID62595,0
ID62596,0
ID62597,0
ID62598,1
ID62599,0
ID62600,0
ID62601,1
ID62602,0
ID62603,0
ID62604,1
ID62605,1
ID62606,1
ID62607,1
ID62608,0
ID62609,1
ID62610,0
ID62611,1
ID62612,1
ID62613,0
ID62614,1
ID62615,1
ID62616,0
ID62617,0
ID62618,1
ID62619,0
ID62620,1
ID62621,1
ID62622,0
ID62623,1
ID62624,1
ID62625,1
ID62626,0
ID62627,1
ID62628,0
ID62629,1
ID62630,1
ID62631,1
ID62632,1
ID62633,1
ID62634,0
ID62635,0
ID62636,1
ID62637,1
ID62638,1
ID62639,0
ID62640,0
ID62641,1
ID62642,1
ID62643,0
ID62644,1
ID62645,1
ID62646,0
ID62647,0
ID62648,1
ID62649,0
ID62650,0
ID62651,0
ID62652,1
ID62653,1
ID62654,0
ID62655,1
ID62656,1
ID62657,1
ID62658,0
ID62659,1
ID62660,1
ID62661,1
ID62662,0
ID62663,1
ID62664,1
ID62665,1
ID62666,1
ID62667,0
ID62668,1
ID62669,1
ID62670,1
ID62671,0
ID62672,1
ID62673,1
ID62674,1
ID62675,1
ID62676,0
ID62677,1
ID62678,1
ID62679,1
ID62680,0
ID62681,0
ID62682,1
ID62683,1
ID62684,1
ID62685,1
ID62686,0
ID62687,0
ID62688,1
ID62689,1
ID62690,1
ID62691,1
ID62692,1
ID62693,1
ID62694,1
ID62695,1
ID62696,0
ID62697,1
ID62698,1
ID62699,1
ID62700,0
ID62701,1
ID62702,0
ID62703,1
ID62704,1
ID62705,1
ID62706,1
ID62707,1
ID62708,0
ID62709,0
ID62710,1
ID62711,1
ID62712,0
ID62713,1
ID62714,1
ID62715,0
ID62716,1
ID62717,0
ID62718,0
ID62719,0
ID62720,0
ID62721,1
ID62722,1
ID62723,1
ID62724,1
ID62725,0
ID62726,0
ID62727,0
ID62728,0
ID62729,1
ID62730,1
ID62731,0
ID62732,1
ID62733,1
ID62734,1
ID62735,1
ID62736,1
ID62737,1
ID62738,0
ID62739,1
ID62740,1
ID62741,0
ID62742,0
ID62743,1
ID62744,1
ID62745,0
ID62746,0
ID62747,1
ID62748,0
ID62749,1
ID62750,0
ID62751,0
ID62752,1
ID62753,0
ID62754,1
ID62755,1
ID62756,1
ID62757,0
ID62758,1
ID62759,1
ID62760,1
ID62761,1
ID62762,1
ID62763,1
ID62764,1
ID62765,1
ID62766,1
ID62767,0
ID62768,1
ID62769,0
ID62770,0
ID62771,0
ID62772,0
ID62773,1
ID62774,1
ID62775,1
ID62776,1
ID62777,0
ID62778,0
ID62779,0
ID62780,1
ID62781,0
ID62782,0
ID62783,0
ID62784,1
ID62785,0
ID62786,0
ID62787,1
ID62788,0
ID62789,1
ID62790,0
ID62791,1
ID62792,1
ID62793,1
ID62794,1
ID62795,1
ID62796,0
ID62797,1
ID62798,1
ID62799,1
ID62800,0
ID62801,1
ID62802,1
ID62803,0
ID62804,1
ID62805,0
ID62806,1
ID62807,0
ID62808,1
ID62809,1
ID62810,1
ID62811,0
ID62812,1
ID62813,1
ID62814,1
ID62815,0
ID62816,1
ID62817,1
ID62818,0
ID62819,1
ID62820,0
ID62821,1
ID62822,1
ID62823,0
ID62824,0
ID62825,1
ID62826,1
ID62827,1
ID62828,1
ID62829,0
ID62830,1
ID62831,0
ID62832,1
ID62833,1
ID62834,0
ID62835,1
ID62836,1
ID62837,1
ID62838,1
ID62839,1
ID62840,1
ID62841,1
ID62842,1
ID62843,0
ID62844,0
ID62845,0
ID62846,0
ID62847,1
ID62848,0
ID62849,0
ID62850,1
ID62851,1
ID62852,1
ID62853,0
ID62854,0
ID62855,1
ID62856,1
ID62857,1
ID62858,1
ID62859,1
ID62860,1
ID62861,0
ID62862,0
ID62863,1
ID62864,1
ID62865,1
ID62866,1
ID62867,0
ID62868,1
ID62869,0
ID62870,0
ID62871,0
ID62872,1
ID62873,1
ID62874,1
ID62875,1
ID62876,1
ID62877,1
ID62878,1
ID62879,1
ID62880,0
ID62881,0
ID62882,0
ID62883,1
ID62884,1
ID62885,0
ID62886,0
ID62887,1
ID62888,1
ID62889,1
ID62890,1
ID62891,1
ID62892,1
ID62893,1
ID62894,0
ID62895,1
ID62896,1
ID62897,1
ID62898,1
ID62899,0
ID62900,1
ID62901,1
ID62902,0
ID62903,1
ID62904,1
ID62905,0
ID62906,0
ID62907,1
ID62908,0
ID62909,0
ID62910,1
ID62911,1
ID62912,0
ID62913,1
ID62914,1
ID62915,0
ID62916,0
ID62917,1
ID62918,1
ID62919,1
ID62920,1
ID62921,1
ID62922,0
ID62923,1
ID62924,1
ID62925,1
ID62926,0
ID62927,1
ID62928,1
ID62929,1
ID62930,1
ID62931,1
ID62932,0
ID62933,0
ID62934,1
ID62935,1
ID62936,1
ID62937,1
ID62938,1
ID62939,0
ID62940,1
ID62941,1
ID62942,1
ID62943,1
ID62944,1
ID62945,0
ID62946,1
ID62947,1
ID62948,1
ID62949,1
ID62950,1
ID62951,1
ID62952,0
ID62953,1
ID62954,0
ID62955,0
ID62956,1
ID62957,1
ID62958,1
ID62959,0
ID62960,1
ID62961,1
ID62962,1
ID62963,0
ID62964,1
ID62965,1
ID62966,1
ID62967,0
ID62968,0
ID62969,1
ID62970,0
ID62971,0
ID62972,1
ID62973,1
ID62974,1
ID62975,0
ID62976,1
ID62977,0
ID62978,1
ID62979,0
ID62980,1
ID62981,1
ID62982,1
ID62983,0
ID62984,1
ID62985,0
ID62986,0
ID62987,0
ID62988,1
ID62989,1
ID62990,1
ID62991,1
ID62992,1
ID62993,1
ID62994,1
ID62995,0
ID62996,1
ID62997,1
ID62998,1
ID62999,0
ID63000,1
ID63001,1
ID63002,1
ID63003,1
ID63004,1
ID63005,0
ID63006,1
ID63007,1
ID63008,0
ID63009,0
ID63010,1
ID63011,1
ID63012,0
ID63013,0
ID63014,1
ID63015,1
ID63016,0
ID63017,0
ID63018,0
ID63019,1
ID63020,0
ID63021,0
ID63022,0
ID63023,0
ID63024,1
ID63025,0
ID63026,0
ID63027,1
ID63028,1
ID63029,1
ID63030,1
ID63031,1
ID63032,1
ID63033,1
ID63034,1
ID63035,1
ID63036,0
ID63037,1
ID63038,1
ID63039,1
ID63040,0
ID63041,1
ID63042,1
ID63043,1
ID63044,0
ID63045,1
ID63046,0
ID63047,0
ID63048,1
ID63049,1
ID63050,1
ID63051,1
ID63052,1
ID63053,1
ID63054,1
ID63055,1
ID63056,1
ID63057,1
ID63058,0
ID63059,0
ID63060,1
ID63061,1
ID63062,0
ID63063,0
ID63064,0
ID63065,0
ID63066,1
ID63067,0
ID63068,0
ID63069,0
ID63070,0
ID63071,1
ID63072,1
ID63073,1
ID63074,0
ID63075,1
ID63076,0
ID63077,0
ID63078,0
ID63079,1
ID63080,1
ID63081,0
ID63082,1
ID63083,1
ID63084,1
ID63085,1
ID63086,1
ID63087,1
ID63088,1
ID63089,0
ID63090,0
ID63091,0
ID63092,0
ID63093,1
ID63094,0
ID63095,1
ID63096,1
ID63097,1
ID63098,1
ID63099,1
ID63100,1
ID63101,1
ID63102,1
ID63103,0
ID63104,1
ID63105,0
ID63106,1
ID63107,1
ID63108,1
ID63109,0
ID63110,0
ID63111,1
ID63112,1
ID63113,0
ID63114,0
ID63115,1
ID63116,1
ID63117,1
ID63118,0
ID63119,1
ID63120,0
ID63121,1
ID63122,1
ID63123,1
ID63124,1
ID63125,0
ID63126,0
ID63127,1
ID63128,1
ID63129,0
ID63130,1
ID63131,1
ID63132,1
ID63133,1
ID63134,0
ID63135,1
ID63136,1
ID63137,0
ID63138,1
ID63139,1
ID63140,0
ID63141,1
ID63142,1
ID63143,0
ID63144,0
ID63145,0
ID63146,0
ID63147,1
ID63148,0
ID63149,1
ID63150,0
ID63151,1
ID63152,1
ID63153,1
ID63154,0
ID63155,1
ID63156,1
ID63157,0
ID63158,0
ID63159,0
ID63160,0
ID63161,1
ID63162,0
ID63163,0
ID63164,1
ID63165,0
ID63166,0
ID63167,0
ID63168,1
ID63169,1
ID63170,1
ID63171,0
ID63172,0
ID63173,1
ID63174,0
ID63175,0
ID63176,1
ID63177,1
ID63178,0
ID63179,1
ID63180,1
ID63181,1
ID63182,1
ID63183,1
ID63184,1
ID63185,1
ID63186,0
ID63187,1
ID63188,1
ID63189,1
ID63190,0
ID63191,1
ID63192,0
ID63193,0
ID63194,1
ID63195,1
ID63196,1
ID63197,0
ID63198,0
ID63199,1
ID63200,1
ID63201,1
ID63202,1
ID63203,1
ID63204,0
ID63205,0
ID63206,1
ID63207,1
ID63208,1
ID63209,0
ID63210,1
ID63211,1
ID63212,0
ID63213,1
ID63214,0
ID63215,1
ID63216,1
ID63217,0
ID63218,1
ID63219,1
ID63220,0
ID63221,1
ID63222,1
ID63223,0
ID63224,1
ID63225,1
ID63226,1
ID63227,1
ID63228,1
ID63229,1
ID63230,0
ID63231,1
ID63232,1
ID63233,1
ID63234,0
ID63235,1
ID63236,1
ID63237,1
ID63238,1
ID63239,1
ID63240,1
ID63241,0
ID63242,1
ID63243,0
ID63244,1
ID63245,1
ID63246,0
ID63247,1
ID63248,0
ID63249,1
ID63250,1
ID63251,1
ID63252,0
ID63253,1
ID63254,0
ID63255,0
ID63256,1
ID63257,1
ID63258,1
ID63259,1
ID63260,1
ID63261,1
ID63262,1
ID63263,1
ID63264,1
ID63265,0
ID63266,0
ID63267,1
ID63268,0
ID63269,1
ID63270,1
ID63271,1
ID63272,1
ID63273,0
ID63274,1
ID63275,1
ID63276,0
ID63277,0
ID63278,0
ID63279,0
ID63280,1
ID63281,1
ID63282,1
ID63283,1
ID63284,1
ID63285,1
ID63286,1
ID63287,1
ID63288,1
ID63289,0
ID63290,0
ID63291,1
ID63292,1
ID63293,1
ID63294,1
ID63295,1
ID63296,0
ID63297,1
ID63298,1
ID63299,0
ID63300,1
ID63301,0
ID63302,1
ID63303,1
ID63304,1
ID63305,1
ID63306,0
ID63307,1
ID63308,1
ID63309,0
ID63310,0
ID63311,1
ID63312,0
ID63313,1
ID63314,1
ID63315,0
ID63316,1
ID63317,1
ID63318,1
ID63319,1
ID63320,1
ID63321,0
ID63322,1
ID63323,1
ID63324,1
ID63325,1
ID63326,0
ID63327,1
ID63328,1
ID63329,0
ID63330,1
ID63331,0
ID63332,1
ID63333,0
ID63334,1
ID63335,1
ID63336,1
ID63337,1
ID63338,0
ID63339,1
ID63340,1
ID63341,1
ID63342,0
ID63343,1
ID63344,0
ID63345,1
ID63346,1
ID63347,0
ID63348,1
ID63349,0
ID63350,0
ID63351,1
ID63352,1
ID63353,1
ID63354,0
ID63355,0
ID63356,1
ID63357,0
ID63358,1
ID63359,0
ID63360,1
ID63361,1
ID63362,1
ID63363,1
ID63364,1
ID63365,1
ID63366,0
ID63367,0
ID63368,0
ID63369,0
ID63370,1
ID63371,0
ID63372,1
ID63373,0
ID63374,1
ID63375,1
ID63376,1
ID63377,0
ID63378,1
ID63379,0
ID63380,0
ID63381,1
ID63382,0
ID63383,0
ID63384,1
ID63385,0
ID63386,1
ID63387,1
ID63388,0
ID63389,1
ID63390,1
ID63391,1
ID63392,1
ID63393,0
ID63394,0
ID63395,1
ID63396,1
ID63397,1
ID63398,0
ID63399,1
ID63400,1
ID63401,1
ID63402,0
ID63403,1
ID63404,0
ID63405,1
ID63406,1
ID63407,1
ID63408,0
ID63409,0
ID63410,1
ID63411,0
ID63412,1
ID63413,1
ID63414,1
ID63415,1
ID63416,1
ID63417,0
ID63418,1
ID63419,1
ID63420,0
ID63421,0
ID63422,1
ID63423,1
ID63424,0
ID63425,1
ID63426,1
ID63427,1
ID63428,1
ID63429,1
ID63430,1
ID63431,0
ID63432,1
ID63433,1
ID63434,1
ID63435,1
ID63436,1
ID63437,1
ID63438,0
ID63439,0
ID63440,1
ID63441,0
ID63442,1
ID63443,1
ID63444,1
ID63445,1
ID63446,1
ID63447,1
ID63448,1
ID63449,0
ID63450,1
ID63451,1
ID63452,0
ID63453,1
ID63454,1
ID63455,1
ID63456,1
ID63457,1
ID63458,1
ID63459,1
ID63460,0
ID63461,0
ID63462,1
ID63463,1
ID63464,0
ID63465,1
ID63466,1
ID63467,1
ID63468,1
ID63469,0
ID63470,1
ID63471,1
ID63472,1
ID63473,0
ID63474,0
ID63475,1
ID63476,1
ID63477,0
ID63478,1
ID63479,0
ID63480,1
ID63481,1
ID63482,1
ID63483,0
ID63484,0
ID63485,1
ID63486,0
ID63487,0
ID63488,1
ID63489,1
ID63490,1
ID63491,0
ID63492,1
ID63493,0
ID63494,1
ID63495,1
ID63496,1
ID63497,1
ID63498,0
ID63499,0
ID63500,1
ID63501,0
ID63502,0
ID63503,0
ID63504,1
ID63505,1
ID63506,1
ID63507,1
ID63508,1
ID63509,1
ID63510,0
ID63511,1
ID63512,0
ID63513,1
ID63514,1
ID63515,1
ID63516,1
ID63517,0
ID63518,0
ID63519,1
ID63520,0
ID63521,1
ID63522,0
ID63523,1
ID63524,1
ID63525,1
ID63526,1
ID63527,0
ID63528,1
ID63529,1
ID63530,1
ID63531,1
ID63532,0
ID63533,1
ID63534,1
ID63535,1
ID63536,1
ID63537,1
ID63538,1
ID63539,0
ID63540,0
ID63541,0
ID63542,1
ID63543,1
ID63544,1
ID63545,1
ID63546,1
ID63547,1
ID63548,1
ID63549,1
ID63550,1
ID63551,1
ID63552,1
ID63553,1
ID63554,0
ID63555,0
ID63556,1
ID63557,1
ID63558,1
ID63559,0
ID63560,1
ID63561,1
ID63562,1
ID63563,1
ID63564,0
ID63565,1
ID63566,0
ID63567,1
ID63568,1
ID63569,1
ID63570,1
ID63571,0
ID63572,1
ID63573,0
ID63574,0
ID63575,0
ID63576,1
ID63577,1
ID63578,0
ID63579,1
ID63580,1
ID63581,0
ID63582,1
ID63583,1
ID63584,1
ID63585,0
ID63586,1
ID63587,0
ID63588,1
ID63589,1
ID63590,1
ID63591,1
ID63592,1
ID63593,1
ID63594,1
ID63595,1
ID63596,1
ID63597,1
ID63598,1
ID63599,0
ID63600,1
ID63601,0
ID63602,1
ID63603,1
ID63604,1
ID63605,1
ID63606,0
ID63607,1
ID63608,0
ID63609,0
ID63610,1
ID63611,0
ID63612,1
ID63613,1
ID63614,0
ID63615,0
ID63616,0
ID63617,1
ID63618,1
ID63619,0
ID63620,0
ID63621,1
ID63622,1
ID63623,1
ID63624,1
ID63625,0
ID63626,1
ID63627,0
ID63628,1
ID63629,1
ID63630,1
ID63631,0
ID63632,1
ID63633,1
ID63634,1
ID63635,1
ID63636,0
ID63637,0
ID63638,0
ID63639,1
ID63640,0
ID63641,1
ID63642,1
ID63643,0
ID63644,0
ID63645,1
ID63646,1
ID63647,1
ID63648,1
ID63649,1
ID63650,1
ID63651,1
ID63652,1
ID63653,1
ID63654,1
ID63655,1
ID63656,1
ID63657,1
ID63658,1
ID63659,1
ID63660,1
ID63661,1
ID63662,1
ID63663,1
ID63664,1
ID63665,1
ID63666,0
ID63667,0
ID63668,0
ID63669,1
ID63670,1
ID63671,1
ID63672,1
ID63673,1
ID63674,0
ID63675,0
ID63676,1
ID63677,1
ID63678,1
ID63679,0
ID63680,1
ID63681,1
ID63682,1
ID63683,0
ID63684,1
ID63685,0
ID63686,1
ID63687,0
ID63688,1
ID63689,1
ID63690,1
ID63691,1
ID63692,1
ID63693,0
ID63694,1
ID63695,1
ID63696,1
ID63697,1
ID63698,1
ID63699,1
ID63700,1
ID63701,1
ID63702,1
ID63703,0
ID63704,1
ID63705,1
ID63706,1
ID63707,1
ID63708,0
ID63709,1
ID63710,0
ID63711,0
ID63712,0
ID63713,1
ID63714,1
ID63715,1
ID63716,0
ID63717,0
ID63718,1
ID63719,1
ID63720,0
ID63721,0
ID63722,1
ID63723,0
ID63724,1
ID63725,1
ID63726,0
ID63727,1
ID63728,1
ID63729,1
ID63730,1
ID63731,1
ID63732,1
ID63733,1
ID63734,1
ID63735,1
ID63736,1
ID63737,1
ID63738,0
ID63739,1
ID63740,1
ID63741,1
ID63742,1
ID63743,1
ID63744,1
ID63745,1
ID63746,1
ID63747,0
ID63748,1
ID63749,1
ID63750,1
ID63751,0
ID63752,1
ID63753,0
ID63754,0
ID63755,0
ID63756,1
ID63757,1
ID63758,0
ID63759,1
ID63760,1
ID63761,1
ID63762,1
ID63763,1
ID63764,1
ID63765,1
ID63766,0
ID63767,1
ID63768,0
ID63769,1
ID63770,1
ID63771,1
ID63772,1
ID63773,0
ID63774,0
ID63775,1
ID63776,1
ID63777,1
ID63778,0
ID63779,1
ID63780,1
ID63781,1
ID63782,0
ID63783,1
ID63784,0
ID63785,1
ID63786,0
ID63787,1
ID63788,1
ID63789,1
ID63790,1
ID63791,0
ID63792,1
ID63793,1
ID63794,1
ID63795,0
ID63796,1
ID63797,1
ID63798,0
ID63799,1
ID63800,1
ID63801,0
ID63802,0
ID63803,1
ID63804,0
ID63805,1
ID63806,1
ID63807,1
ID63808,1
ID63809,1
ID63810,1
ID63811,1
ID63812,1
ID63813,1
ID63814,1
ID63815,0
ID63816,1
ID63817,1
ID63818,1
ID63819,1
ID63820,0
ID63821,1
ID63822,0
ID63823,1
ID63824,1
ID63825,0
ID63826,0
ID63827,0
ID63828,0
ID63829,1
ID63830,1
ID63831,0
ID63832,1
ID63833,1
ID63834,1
ID63835,1
ID63836,1
ID63837,0
ID63838,1
ID63839,0
ID63840,0
ID63841,1
ID63842,1
ID63843,1
ID63844,0
ID63845,1
ID63846,1
ID63847,1
ID63848,1
ID63849,1
ID63850,0
ID63851,1
ID63852,1
ID63853,0
ID63854,1
ID63855,1
ID63856,1
ID63857,0
ID63858,1
ID63859,0
ID63860,1
ID63861,0
ID63862,1
ID63863,1
ID63864,1
ID63865,1
ID63866,1
ID63867,1
ID63868,0
ID63869,1
ID63870,1
ID63871,1
ID63872,1
ID63873,1
ID63874,0
ID63875,0
ID63876,1
ID63877,1
ID63878,1
ID63879,1
ID63880,1
ID63881,0
ID63882,0
ID63883,1
ID63884,1
ID63885,0
ID63886,1
ID63887,1
ID63888,1
ID63889,0
ID63890,1
ID63891,0
ID63892,1
ID63893,1
ID63894,1
ID63895,0
ID63896,1
ID63897,1
ID63898,0
ID63899,1
ID63900,0
ID63901,1
ID63902,1
ID63903,1
ID63904,0
ID63905,1
ID63906,0
ID63907,1
ID63908,0
ID63909,1
ID63910,1
ID63911,1
ID63912,0
ID63913,0
ID63914,1
ID63915,1
ID63916,1
ID63917,1
ID63918,0
ID63919,1
ID63920,0
ID63921,1
ID63922,0
ID63923,1
ID63924,0
ID63925,1
ID63926,1
ID63927,1
ID63928,0
ID63929,1
ID63930,0
ID63931,0
ID63932,1
ID63933,0
ID63934,1
ID63935,1
ID63936,1
ID63937,1
ID63938,1
ID63939,0
ID63940,0
ID63941,0
ID63942,1
ID63943,0
ID63944,0
ID63945,0
ID63946,1
ID63947,0
ID63948,0
ID63949,1
ID63950,1
ID63951,1
ID63952,1
ID63953,1
ID63954,1
ID63955,1
ID63956,1
ID63957,1
ID63958,1
ID63959,1
ID63960,1
ID63961,0
ID63962,1
ID63963,0
ID63964,1
ID63965,0
ID63966,1
ID63967,1
ID63968,1
ID63969,1
ID63970,0
ID63971,0
ID63972,0
ID63973,1
ID63974,1
ID63975,1
ID63976,1
ID63977,0
ID63978,1
ID63979,1
ID63980,0
ID63981,1
ID63982,0
ID63983,0
ID63984,0
ID63985,0
ID63986,1
ID63987,0
ID63988,1
ID63989,1
ID63990,1
ID63991,1
ID63992,1
ID63993,1
ID63994,1
ID63995,1
ID63996,1
ID63997,1
ID63998,0
ID63999,1
ID64000,1
ID64001,1
ID64002,1
ID64003,0
ID64004,1
ID64005,1
ID64006,1
ID64007,1
ID64008,1
ID64009,1
ID64010,0
ID64011,0
ID64012,1
ID64013,1
ID64014,0
ID64015,1
ID64016,1
ID64017,0
ID64018,1
ID64019,1
ID64020,1
ID64021,1
ID64022,1
ID64023,1
ID64024,1
ID64025,1
ID64026,1
ID64027,1
ID64028,1
ID64029,1
ID64030,1
ID64031,1
ID64032,1
ID64033,1
ID64034,1
ID64035,0
ID64036,1
ID64037,1
ID64038,1
ID64039,1
ID64040,1
ID64041,1
ID64042,1
ID64043,0
ID64044,1
ID64045,1
ID64046,1
ID64047,1
ID64048,1
ID64049,1
ID64050,0
ID64051,1
ID64052,0
ID64053,0
ID64054,1
ID64055,0
ID64056,1
ID64057,1
ID64058,1
ID64059,1
ID64060,0
ID64061,1
ID64062,1
ID64063,1
ID64064,1
ID64065,0
ID64066,0
ID64067,1
ID64068,1
ID64069,0
ID64070,1
ID64071,1
ID64072,0
ID64073,0
ID64074,1
ID64075,1
ID64076,0
ID64077,0
ID64078,1
ID64079,1
ID64080,1
ID64081,1
ID64082,0
ID64083,1
ID64084,0
ID64085,0
ID64086,1
ID64087,0
ID64088,1
ID64089,1
ID64090,0
ID64091,1
ID64092,0
ID64093,0
ID64094,1
ID64095,0
ID64096,0
ID64097,0
ID64098,0
ID64099,1
ID64100,1
ID64101,1
ID64102,0
ID64103,0
ID64104,0
ID64105,1
ID64106,0
ID64107,0
ID64108,0
ID64109,0
ID64110,1
ID64111,0
ID64112,1
ID64113,0
ID64114,1
ID64115,0
ID64116,1
ID64117,0
ID64118,1
ID64119,1
ID64120,0
ID64121,1
ID64122,0
ID64123,1
ID64124,1
ID64125,0
ID64126,1
ID64127,1
ID64128,1
ID64129,1
ID64130,0
ID64131,1
ID64132,1
ID64133,1
ID64134,1
ID64135,1
ID64136,0
ID64137,1
ID64138,0
ID64139,1
ID64140,1
ID64141,1
ID64142,0
ID64143,1
ID64144,1
ID64145,1
ID64146,1
ID64147,1
ID64148,1
ID64149,1
ID64150,1
ID64151,1
ID64152,0
ID64153,1
ID64154,1
ID64155,1
ID64156,0
ID64157,0
ID64158,1
ID64159,1
ID64160,1
ID64161,0
ID64162,1
ID64163,1
ID64164,0
ID64165,1
ID64166,1
ID64167,1
ID64168,1
ID64169,0
ID64170,1
ID64171,1
ID64172,1
ID64173,0
ID64174,1
ID64175,1
ID64176,1
ID64177,1
ID64178,1
ID64179,1
ID64180,0
ID64181,1
ID64182,1
ID64183,1
ID64184,1
ID64185,0
ID64186,1
ID64187,1
ID64188,1
ID64189,0
ID64190,1
ID64191,1
ID64192,0
ID64193,1
ID64194,1
ID64195,1
ID64196,0
ID64197,0
ID64198,1
ID64199,1
ID64200,1
ID64201,1
ID64202,1
ID64203,0
ID64204,1
ID64205,1
ID64206,1
ID64207,1
ID64208,1
ID64209,0
ID64210,1
ID64211,1
ID64212,1
ID64213,1
ID64214,1
ID64215,1
ID64216,1
ID64217,1
ID64218,1
ID64219,1
ID64220,1
ID64221,0
ID64222,1
ID64223,1
ID64224,1
ID64225,1
ID64226,1
ID64227,0
ID64228,1
ID64229,1
ID64230,0
ID64231,1
ID64232,1
ID64233,1
ID64234,1
ID64235,1
ID64236,1
ID64237,1
ID64238,0
ID64239,0
ID64240,1
ID64241,1
ID64242,1
ID64243,1
ID64244,0
ID64245,0
ID64246,1
ID64247,1
ID64248,1
ID64249,1
ID64250,0
ID64251,1
ID64252,1
ID64253,1
ID64254,1
ID64255,1
ID64256,1
ID64257,1
ID64258,0
ID64259,0
ID64260,1
ID64261,1
ID64262,1
ID64263,0
ID64264,1
ID64265,1
ID64266,0
ID64267,1
ID64268,1
ID64269,1
ID64270,1
ID64271,1
ID64272,1
ID64273,1
ID64274,1
ID64275,0
ID64276,1
ID64277,0
ID64278,1
ID64279,0
ID64280,1
ID64281,1
ID64282,1
ID64283,0
ID64284,1
ID64285,0
ID64286,1
ID64287,0
ID64288,1
ID64289,1
ID64290,1
ID64291,1
ID64292,1
ID64293,1
ID64294,1
ID64295,1
ID64296,1
ID64297,1
ID64298,1
ID64299,1
ID64300,0
ID64301,1
ID64302,1
ID64303,0
ID64304,1
ID64305,0
ID64306,1
ID64307,1
ID64308,1
ID64309,1
ID64310,1
ID64311,1
ID64312,1
ID64313,0
ID64314,0
ID64315,0
ID64316,1
ID64317,1
ID64318,1
ID64319,0
ID64320,1
ID64321,1
ID64322,1
ID64323,1
ID64324,1
ID64325,0
ID64326,1
ID64327,1
ID64328,1
ID64329,0
ID64330,1
ID64331,0
ID64332,0
ID64333,1
ID64334,1
ID64335,1
ID64336,1
ID64337,1
ID64338,1
ID64339,1
ID64340,1
ID64341,1
ID64342,1
ID64343,1
ID64344,1
ID64345,1
ID64346,0
ID64347,0
ID64348,0
ID64349,0
ID64350,1
ID64351,0
ID64352,0
ID64353,0
ID64354,1
ID64355,1
ID64356,1
ID64357,0
ID64358,1
ID64359,1
ID64360,1
ID64361,1
ID64362,0
ID64363,0
ID64364,1
ID64365,1
ID64366,1
ID64367,0
ID64368,1
ID64369,1
ID64370,1
ID64371,1
ID64372,0
ID64373,1
ID64374,1
ID64375,1
ID64376,0
ID64377,1
ID64378,1
ID64379,1
ID64380,1
ID64381,0
ID64382,1
ID64383,1
ID64384,1
ID64385,1
ID64386,1
ID64387,1
ID64388,1
ID64389,1
ID64390,1
ID64391,1
ID64392,0
ID64393,1
ID64394,1
ID64395,0
ID64396,1
ID64397,1
ID64398,1
ID64399,1
ID64400,0
ID64401,1
ID64402,1
ID64403,0
ID64404,0
ID64405,1
ID64406,1
ID64407,1
ID64408,1
ID64409,0
ID64410,0
ID64411,0
ID64412,1
ID64413,0
ID64414,1
ID64415,1
ID64416,1
ID64417,1
ID64418,0
ID64419,1
ID64420,0
ID64421,1
ID64422,1
ID64423,1
ID64424,1
ID64425,0
ID64426,0
ID64427,1
ID64428,1
ID64429,0
ID64430,1
ID64431,0
ID64432,1
ID64433,1
ID64434,1
ID64435,0
ID64436,0
ID64437,0
ID64438,0
ID64439,1
ID64440,1
ID64441,1
ID64442,1
ID64443,1
ID64444,1
ID64445,0
ID64446,1
ID64447,1
ID64448,1
ID64449,0
ID64450,0
ID64451,1
ID64452,1
ID64453,0
ID64454,1
ID64455,0
ID64456,0
ID64457,0
ID64458,0
ID64459,1
ID64460,0
ID64461,1
ID64462,1
ID64463,1
ID64464,1
ID64465,1
ID64466,0
ID64467,1
ID64468,1
ID64469,1
ID64470,0
ID64471,0
ID64472,1
ID64473,1
ID64474,1
ID64475,1
ID64476,1
ID64477,1
ID64478,1
ID64479,1
ID64480,1
ID64481,1
ID64482,0
ID64483,1
ID64484,1
ID64485,1
ID64486,0
ID64487,0
ID64488,1
ID64489,1
ID64490,1
ID64491,1
ID64492,1
ID64493,1
ID64494,0
ID64495,0
ID64496,1
ID64497,1
ID64498,1
ID64499,0
ID64500,1
ID64501,1
ID64502,1
ID64503,0
ID64504,0
ID64505,0
ID64506,1
ID64507,0
ID64508,0
ID64509,1
ID64510,1
ID64511,1
ID64512,1
ID64513,1
ID64514,0
ID64515,0
ID64516,1
ID64517,1
ID64518,1
ID64519,1
ID64520,1
ID64521,0
ID64522,1
ID64523,0
ID64524,1
ID64525,0
ID64526,0
ID64527,1
ID64528,1
ID64529,1
ID64530,0
ID64531,1
ID64532,1
ID64533,0
ID64534,0
ID64535,1
ID64536,1
ID64537,0
ID64538,1
ID64539,1
ID64540,0
ID64541,1
ID64542,1
ID64543,1
ID64544,0
ID64545,1
ID64546,1
ID64547,1
ID64548,0
ID64549,0
ID64550,0
ID64551,0
ID64552,0
ID64553,0
ID64554,1
ID64555,1
ID64556,1
ID64557,0
ID64558,0
ID64559,1
ID64560,0
ID64561,1
ID64562,1
ID64563,0
ID64564,0
ID64565,1
ID64566,1
ID64567,1
ID64568,0
ID64569,0
ID64570,1
ID64571,1
ID64572,0
ID64573,1
ID64574,1
ID64575,0
ID64576,1
ID64577,1
ID64578,1
ID64579,1
ID64580,1
ID64581,0
ID64582,1
ID64583,1
ID64584,1
ID64585,0
ID64586,1
ID64587,0
ID64588,1
ID64589,0
ID64590,1
ID64591,1
ID64592,1
ID64593,0
ID64594,0
ID64595,1
ID64596,1
ID64597,1
ID64598,1
ID64599,1
ID64600,1
ID64601,0
ID64602,0
ID64603,1
ID64604,0
ID64605,0
ID64606,0
ID64607,1
ID64608,1
ID64609,1
ID64610,1
ID64611,1
ID64612,0
ID64613,1
ID64614,0
ID64615,1
ID64616,0
ID64617,1
ID64618,0
ID64619,1
ID64620,1
ID64621,1
ID64622,1
ID64623,1
ID64624,1
ID64625,0
ID64626,1
ID64627,1
ID64628,1
ID64629,0
ID64630,0
ID64631,1
ID64632,1
ID64633,1
ID64634,1
ID64635,0
ID64636,0
ID64637,1
ID64638,1
ID64639,0
ID64640,1
ID64641,1
ID64642,1
ID64643,0
ID64644,1
ID64645,0
ID64646,1
ID64647,1
ID64648,1
ID64649,1
ID64650,1
ID64651,1
ID64652,1
ID64653,1
ID64654,1
ID64655,0
ID64656,1
ID64657,0
ID64658,1
ID64659,0
ID64660,1
ID64661,1
ID64662,1
ID64663,1
ID64664,0
ID64665,1
ID64666,1
ID64667,1
ID64668,1
ID64669,0
ID64670,0
ID64671,1
ID64672,1
ID64673,1
ID64674,1
ID64675,1
ID64676,1
ID64677,0
ID64678,0
ID64679,1
ID64680,0
ID64681,0
ID64682,1
ID64683,0
ID64684,0
ID64685,1
ID64686,1
ID64687,1
ID64688,1
ID64689,1
ID64690,1
ID64691,1
ID64692,0
ID64693,1
ID64694,1
ID64695,1
ID64696,1
ID64697,1
ID64698,0
ID64699,0
ID64700,0
ID64701,1
ID64702,1
ID64703,1
ID64704,1
ID64705,1
ID64706,1
ID64707,0
ID64708,1
ID64709,0
ID64710,0
ID64711,1
ID64712,1
ID64713,1
ID64714,0
ID64715,1
ID64716,0
ID64717,1
ID64718,0
ID64719,0
ID64720,1
ID64721,1
ID64722,1
ID64723,1
ID64724,1
ID64725,0
ID64726,1
ID64727,1
ID64728,1
ID64729,0
ID64730,1
ID64731,0
ID64732,1
ID64733,0
ID64734,1
ID64735,1
ID64736,1
ID64737,1
ID64738,1
ID64739,1
ID64740,1
ID64741,1
ID64742,0
ID64743,1
ID64744,1
ID64745,1
ID64746,1
ID64747,1
ID64748,0
ID64749,1
ID64750,0
ID64751,1
ID64752,1
ID64753,1
ID64754,1
ID64755,1
ID64756,1
ID64757,1
ID64758,1
ID64759,1
ID64760,1
ID64761,1
ID64762,1
ID64763,0
ID64764,0
ID64765,0
ID64766,1
ID64767,1
ID64768,0
ID64769,1
ID64770,1
ID64771,0
ID64772,0
ID64773,0
ID64774,1
ID64775,1
ID64776,0
ID64777,0
ID64778,1
ID64779,1
ID64780,1
ID64781,0
ID64782,1
ID64783,1
ID64784,1
ID64785,1
ID64786,1
ID64787,0
ID64788,1
ID64789,0
ID64790,1
ID64791,1
ID64792,1
ID64793,0
ID64794,1
ID64795,1
ID64796,1
ID64797,0
ID64798,1
ID64799,1
ID64800,1
ID64801,0
ID64802,1
ID64803,1
ID64804,0
ID64805,0
ID64806,1
ID64807,1
ID64808,1
ID64809,0
ID64810,0
ID64811,1
ID64812,1
ID64813,0
ID64814,0
ID64815,1
ID64816,1
ID64817,1
ID64818,0
ID64819,0
ID64820,1
ID64821,1
ID64822,0
ID64823,1
ID64824,1
ID64825,0
ID64826,1
ID64827,0
ID64828,1
ID64829,1
ID64830,1
ID64831,1
ID64832,0
ID64833,1
ID64834,1
ID64835,1
ID64836,1
ID64837,0
ID64838,0
ID64839,1
ID64840,0
ID64841,1
ID64842,1
ID64843,1
ID64844,1
ID64845,1
ID64846,0
ID64847,1
ID64848,0
ID64849,1
ID64850,1
ID64851,1
ID64852,1
ID64853,1
ID64854,1
ID64855,1
ID64856,0
ID64857,1
ID64858,1
ID64859,0
ID64860,1
ID64861,1
ID64862,0
ID64863,1
ID64864,1
ID64865,1
ID64866,1
ID64867,1
ID64868,1
ID64869,1
ID64870,1
ID64871,1
ID64872,0
ID64873,1
ID64874,1
ID64875,1
ID64876,1
ID64877,0
ID64878,1
ID64879,0
ID64880,1
ID64881,1
ID64882,1
ID64883,1
ID64884,1
ID64885,1
ID64886,1
ID64887,1
ID64888,1
ID64889,1
ID64890,1
ID64891,1
ID64892,1
ID64893,0
ID64894,1
ID64895,1
ID64896,1
ID64897,0
ID64898,1
ID64899,1
ID64900,1
ID64901,1
ID64902,1
ID64903,0
ID64904,1
ID64905,1
ID64906,0
ID64907,1
ID64908,1
ID64909,1
ID64910,1
ID64911,1
ID64912,1
ID64913,0
ID64914,1
ID64915,1
ID64916,0
ID64917,1
ID64918,1
ID64919,1
ID64920,1
ID64921,1
ID64922,1
ID64923,1
ID64924,0
ID64925,1
ID64926,1
ID64927,1
ID64928,1
ID64929,0
ID64930,1
ID64931,0
ID64932,0
ID64933,1
ID64934,1
ID64935,1
ID64936,0
ID64937,1
ID64938,1
ID64939,0
ID64940,0
ID64941,1
ID64942,1
ID64943,0
ID64944,0
ID64945,0
ID64946,1
ID64947,1
ID64948,1
ID64949,0
ID64950,1
ID64951,1
ID64952,1
ID64953,1
ID64954,0
ID64955,1
ID64956,1
ID64957,1
ID64958,0
ID64959,1
ID64960,1
ID64961,0
ID64962,1
ID64963,1
ID64964,0
ID64965,1
ID64966,1
ID64967,1
ID64968,1
ID64969,1
ID64970,0
ID64971,1
ID64972,0
ID64973,1
ID64974,1
ID64975,0
ID64976,1
ID64977,1
ID64978,1
ID64979,0
ID64980,1
ID64981,1
ID64982,1
ID64983,0
ID64984,1
ID64985,0
ID64986,0
ID64987,1
ID64988,1
ID64989,0
ID64990,0
ID64991,1
ID64992,1
ID64993,0
ID64994,0
ID64995,1
ID64996,1
ID64997,0
ID64998,1
ID64999,1
ID65000,0
ID65001,0
ID65002,0
ID65003,0
ID65004,0
ID65005,1
ID65006,1
ID65007,1
ID65008,1
ID65009,1
ID65010,0
ID65011,1
ID65012,1
ID65013,1
ID65014,1
ID65015,1
ID65016,1
ID65017,1
ID65018,0
ID65019,0
ID65020,1
ID65021,0
ID65022,1
ID65023,1
ID65024,1
ID65025,0
ID65026,1
ID65027,1
ID65028,1
ID65029,1
ID65030,0
ID65031,1
ID65032,0
ID65033,1
ID65034,1
ID65035,1
ID65036,1
ID65037,1
ID65038,1
ID65039,1
ID65040,1
ID65041,1
ID65042,1
ID65043,1
ID65044,1
ID65045,1
ID65046,0
ID65047,1
ID65048,1
ID65049,1
ID65050,0
ID65051,1
ID65052,1
ID65053,0
ID65054,1
ID65055,1
ID65056,1
ID65057,0
ID65058,0
ID65059,1
ID65060,1
ID65061,0
ID65062,1
ID65063,1
ID65064,0
ID65065,1
ID65066,1
ID65067,1
ID65068,0
ID65069,1
ID65070,1
ID65071,0
ID65072,1
ID65073,0
ID65074,1
ID65075,0
ID65076,1
ID65077,1
ID65078,0
ID65079,1
ID65080,1
ID65081,1
ID65082,0
ID65083,1
ID65084,0
ID65085,1
ID65086,1
ID65087,0
ID65088,0
ID65089,1
ID65090,1
ID65091,0
ID65092,1
ID65093,1
ID65094,0
ID65095,1
ID65096,1
ID65097,1
ID65098,1
ID65099,1
ID65100,1
ID65101,1
ID65102,1
ID65103,0
ID65104,1
ID65105,0
ID65106,1
ID65107,1
ID65108,1
ID65109,1
ID65110,1
ID65111,1
ID65112,1
ID65113,1
ID65114,1
ID65115,0
ID65116,1
ID65117,1
ID65118,1
ID65119,1
ID65120,1
ID65121,0
ID65122,1
ID65123,0
ID65124,1
ID65125,1
ID65126,1
ID65127,0
ID65128,1
ID65129,0
ID65130,1
ID65131,1
ID65132,1
ID65133,1
ID65134,0
ID65135,1
ID65136,1
ID65137,1
ID65138,1
ID65139,0
ID65140,1
ID65141,1
ID65142,1
ID65143,0
ID65144,1
ID65145,1
ID65146,0
ID65147,1
ID65148,0
ID65149,1
ID65150,0
ID65151,1
ID65152,0
ID65153,0
ID65154,1
ID65155,1
ID65156,0
ID65157,1
ID65158,0
ID65159,0
ID65160,0
ID65161,1
ID65162,1
ID65163,1
ID65164,1
ID65165,1
ID65166,1
ID65167,0
ID65168,1
ID65169,1
ID65170,1
ID65171,0
ID65172,1
ID65173,1
ID65174,1
ID65175,0
ID65176,1
ID65177,1
ID65178,1
ID65179,0
ID65180,1
ID65181,1
ID65182,0
ID65183,1
ID65184,1
ID65185,0
ID65186,1
ID65187,1
ID65188,0
ID65189,1
ID65190,1
ID65191,1
ID65192,1
ID65193,1
ID65194,0
ID65195,1
ID65196,1
ID65197,1
ID65198,0
ID65199,1
ID65200,0
ID65201,1
ID65202,1
ID65203,1
ID65204,1
ID65205,1
ID65206,1
ID65207,1
ID65208,0
ID65209,1
ID65210,1
ID65211,1
ID65212,1
ID65213,0
ID65214,1
ID65215,1
ID65216,0
ID65217,0
ID65218,1
ID65219,1
ID65220,1
ID65221,0
ID65222,1
ID65223,1
ID65224,0
ID65225,0
ID65226,1
ID65227,0
ID65228,0
ID65229,1
ID65230,1
ID65231,0
ID65232,0
ID65233,1
ID65234,0
ID65235,0
ID65236,0
ID65237,1
ID65238,1
ID65239,1
ID65240,1
ID65241,0
ID65242,1
ID65243,0
ID65244,0
ID65245,1
ID65246,1
ID65247,1
ID65248,1
ID65249,1
ID65250,1
ID65251,0
ID65252,0
ID65253,1
ID65254,1
ID65255,0
ID65256,1
ID65257,1
ID65258,0
ID65259,0
ID65260,0
ID65261,1
ID65262,1
ID65263,1
ID65264,1
ID65265,0
ID65266,1
ID65267,1
ID65268,0
ID65269,0
ID65270,1
ID65271,1
ID65272,1
ID65273,1
ID65274,1
ID65275,1
ID65276,1
ID65277,1
ID65278,1
ID65279,0
ID65280,0
ID65281,0
ID65282,1
ID65283,1
ID65284,1
ID65285,1
ID65286,1
ID65287,1
ID65288,0
ID65289,1
ID65290,1
ID65291,0
ID65292,1
ID65293,1
ID65294,1
ID65295,1
ID65296,1
ID65297,0
ID65298,1
ID65299,0
ID65300,0
ID65301,0
ID65302,1
ID65303,1
ID65304,0
ID65305,1
ID65306,1
ID65307,1
ID65308,1
ID65309,0
ID65310,1
ID65311,0
ID65312,0
ID65313,1
ID65314,0
ID65315,1
ID65316,1
ID65317,1
ID65318,1
ID65319,1
ID65320,1
ID65321,1
ID65322,1
ID65323,1
ID65324,0
ID65325,0
ID65326,0
ID65327,1
ID65328,0
ID65329,0
ID65330,0
ID65331,0
ID65332,0
ID65333,1
ID65334,1
ID65335,1
ID65336,0
ID65337,0
ID65338,1
ID65339,1
ID65340,0
ID65341,0
ID65342,1
ID65343,0
ID65344,1
ID65345,1
ID65346,1
ID65347,1
ID65348,0
ID65349,1
ID65350,1
ID65351,0
ID65352,1
ID65353,0
ID65354,0
ID65355,0
ID65356,1
ID65357,1
ID65358,0
ID65359,1
ID65360,1
ID65361,1
ID65362,1
ID65363,1
ID65364,1
ID65365,1
ID65366,1
ID65367,1
ID65368,1
ID65369,0
ID65370,1
ID65371,1
ID65372,0
ID65373,0
ID65374,0
ID65375,0
ID65376,1
ID65377,1
ID65378,1
ID65379,0
ID65380,0
ID65381,0
ID65382,1
ID65383,1
ID65384,0
ID65385,1
ID65386,1
ID65387,0
ID65388,1
ID65389,1
ID65390,1
ID65391,1
ID65392,1
ID65393,0
ID65394,0
ID65395,1
ID65396,0
ID65397,1
ID65398,0
ID65399,0
ID65400,1
ID65401,0
ID65402,0
ID65403,1
ID65404,1
ID65405,0
ID65406,1
ID65407,1
ID65408,0
ID65409,1
ID65410,1
ID65411,1
ID65412,1
ID65413,0
ID65414,0
ID65415,0
ID65416,1
ID65417,0
ID65418,1
ID65419,0
ID65420,1
ID65421,1
ID65422,1
ID65423,1
ID65424,0
ID65425,1
ID65426,1
ID65427,1
ID65428,0
ID65429,1
ID65430,1
ID65431,0
ID65432,1
ID65433,1
ID65434,0
ID65435,1
ID65436,1
ID65437,1
ID65438,1
ID65439,1
ID65440,0
ID65441,1
ID65442,1
ID65443,1
ID65444,0
ID65445,0
ID65446,1
ID65447,0
ID65448,0
ID65449,1
ID65450,1
ID65451,1
ID65452,0
ID65453,1
ID65454,1
ID65455,0
ID65456,0
ID65457,0
ID65458,1
ID65459,1
ID65460,1
ID65461,1
ID65462,1
ID65463,0
ID65464,1
ID65465,1
ID65466,1
ID65467,0
ID65468,1
ID65469,1
ID65470,1
ID65471,1
ID65472,1
ID65473,0
ID65474,0
ID65475,1
ID65476,1
ID65477,1
ID65478,0
ID65479,1
ID65480,1
ID65481,1
ID65482,1
ID65483,1
ID65484,0
ID65485,0
ID65486,0
ID65487,0
ID65488,0
ID65489,1
ID65490,0
ID65491,1
ID65492,1
ID65493,1
ID65494,0
ID65495,0
ID65496,0
ID65497,1
ID65498,1
ID65499,0
ID65500,1
ID65501,1
ID65502,0
ID65503,0
ID65504,1
ID65505,1
ID65506,0
ID65507,1
ID65508,1
ID65509,0
ID65510,0
ID65511,0
ID65512,1
ID65513,1
ID65514,1
ID65515,1
ID65516,0
ID65517,1
ID65518,0
ID65519,1
ID65520,1
ID65521,0
ID65522,1
ID65523,1
ID65524,1
ID65525,1
ID65526,1
ID65527,0
ID65528,0
ID65529,0
ID65530,0
ID65531,1
ID65532,1
ID65533,1
ID65534,1
ID65535,0
ID65536,1
ID65537,1
ID65538,1
ID65539,1
ID65540,1
ID65541,1
ID65542,0
ID65543,1
ID65544,1
ID65545,1
ID65546,0
ID65547,1
ID65548,1
ID65549,1
ID65550,1
ID65551,1
ID65552,1
ID65553,0
ID65554,0
ID65555,1
ID65556,0
ID65557,0
ID65558,1
ID65559,1
ID65560,1
ID65561,1
ID65562,0
ID65563,1
ID65564,0
ID65565,1
ID65566,1
ID65567,1
ID65568,0
ID65569,1
ID65570,1
ID65571,1
ID65572,0
ID65573,1
ID65574,1
ID65575,1
ID65576,1
ID65577,1
ID65578,0
ID65579,1
ID65580,0
ID65581,1
ID65582,0
ID65583,1
ID65584,1
ID65585,1
ID65586,1
ID65587,1
ID65588,0
ID65589,1
ID65590,1
ID65591,1
ID65592,0
ID65593,1
ID65594,1
ID65595,1
ID65596,0
ID65597,1
ID65598,0
ID65599,0
ID65600,1
ID65601,1
ID65602,0
ID65603,1
ID65604,1
ID65605,1
ID65606,1
ID65607,1
ID65608,1
ID65609,1
ID65610,1
ID65611,1
ID65612,1
ID65613,0
ID65614,0
ID65615,1
ID65616,1
ID65617,1
ID65618,1
ID65619,0
ID65620,1
ID65621,1
ID65622,1
ID65623,1
ID65624,0
ID65625,1
ID65626,1
ID65627,1
ID65628,1
ID65629,0
ID65630,1
ID65631,0
ID65632,0
ID65633,0
ID65634,1
ID65635,1
ID65636,1
ID65637,1
ID65638,1
ID65639,1
ID65640,0
ID65641,0
ID65642,0
ID65643,1
ID65644,1
ID65645,1
ID65646,1
ID65647,1
ID65648,1
ID65649,1
ID65650,0
ID65651,0
ID65652,1
ID65653,1
ID65654,0
ID65655,1
ID65656,0
ID65657,0
ID65658,1
ID65659,1
ID65660,0
ID65661,0
ID65662,1
ID65663,1
ID65664,1
ID65665,0
ID65666,1
ID65667,1
ID65668,1
ID65669,1
ID65670,1
ID65671,1
ID65672,1
ID65673,1
ID65674,1
ID65675,1
ID65676,1
ID65677,0
ID65678,0
ID65679,1
ID65680,1
ID65681,0
ID65682,0
ID65683,0
ID65684,1
ID65685,0
ID65686,1
ID65687,0
ID65688,0
ID65689,1
ID65690,1
ID65691,1
ID65692,1
ID65693,0
ID65694,1
ID65695,1
ID65696,1
ID65697,1
ID65698,1
ID65699,0
ID65700,1
ID65701,0
ID65702,1
ID65703,0
ID65704,1
ID65705,0
ID65706,1
ID65707,0
ID65708,0
ID65709,1
ID65710,1
ID65711,1
ID65712,0
ID65713,0
ID65714,0
ID65715,1
ID65716,1
ID65717,1
ID65718,1
ID65719,0
ID65720,0
ID65721,0
ID65722,0
ID65723,1
ID65724,1
ID65725,0
ID65726,0
ID65727,0
ID65728,1
ID65729,1
ID65730,0
ID65731,0
ID65732,0
ID65733,1
ID65734,1
ID65735,1
ID65736,1
ID65737,1
ID65738,1
ID65739,0
ID65740,0
ID65741,1
ID65742,1
ID65743,1
ID65744,1
ID65745,0
ID65746,1
ID65747,0
ID65748,1
ID65749,1
ID65750,1
ID65751,1
ID65752,1
ID65753,0
ID65754,1
ID65755,1
ID65756,0
ID65757,0
ID65758,1
ID65759,1
ID65760,1
ID65761,1
ID65762,1
ID65763,1
ID65764,1
ID65765,1
ID65766,1
ID65767,0
ID65768,0
ID65769,0
ID65770,1
ID65771,1
ID65772,1
ID65773,1
ID65774,0
ID65775,0
ID65776,1
ID65777,1
ID65778,1
ID65779,0
ID65780,0
ID65781,1
ID65782,1
ID65783,1
ID65784,1
ID65785,1
ID65786,1
ID65787,1
ID65788,1
ID65789,1
ID65790,0
ID65791,1
ID65792,0
ID65793,1
ID65794,0
ID65795,1
ID65796,1
ID65797,1
ID65798,1
ID65799,1
ID65800,1
ID65801,1
ID65802,1
ID65803,1
ID65804,0
ID65805,1
ID65806,1
ID65807,0
ID65808,0
ID65809,1
ID65810,0
ID65811,0
ID65812,1
ID65813,0
ID65814,0
ID65815,1
ID65816,0
ID65817,1
ID65818,0
ID65819,0
ID65820,0
ID65821,0
ID65822,0
ID65823,1
ID65824,1
ID65825,1
ID65826,0
ID65827,1
ID65828,1
ID65829,1
ID65830,1
ID65831,1
ID65832,0
ID65833,0
ID65834,1
ID65835,0
ID65836,1
ID65837,0
ID65838,0
ID65839,0
ID65840,1
ID65841,1
ID65842,1
ID65843,1
ID65844,1
ID65845,0
ID65846,0
ID65847,1
ID65848,0
ID65849,1
ID65850,0
ID65851,1
ID65852,0
ID65853,1
ID65854,1
ID65855,1
ID65856,1
ID65857,0
ID65858,1
ID65859,0
ID65860,1
ID65861,1
ID65862,0
ID65863,1
ID65864,1
ID65865,0
ID65866,1
ID65867,0
ID65868,0
ID65869,0
ID65870,1
ID65871,1
ID65872,1
ID65873,0
ID65874,1
ID65875,0
ID65876,0
ID65877,1
ID65878,1
ID65879,1
ID65880,1
ID65881,1
ID65882,1
ID65883,1
ID65884,1
ID65885,1
ID65886,1
ID65887,1
ID65888,1
ID65889,1
ID65890,1
ID65891,1
ID65892,0
ID65893,1
ID65894,0
ID65895,0
ID65896,1
ID65897,1
ID65898,1
ID65899,1
ID65900,1
ID65901,0
ID65902,1
ID65903,1
ID65904,1
ID65905,0
ID65906,0
ID65907,1
ID65908,0
ID65909,0
ID65910,0
ID65911,1
ID65912,0
ID65913,1
ID65914,0
ID65915,0
ID65916,1
ID65917,0
ID65918,1
ID65919,1
ID65920,1
ID65921,1
ID65922,1
ID65923,1
ID65924,1
ID65925,0
ID65926,0
ID65927,1
ID65928,1
ID65929,1
ID65930,1
ID65931,1
ID65932,1
ID65933,0
ID65934,1
ID65935,1
ID65936,0
ID65937,1
ID65938,0
ID65939,1
ID65940,0
ID65941,1
ID65942,0
ID65943,1
ID65944,0
ID65945,1
ID65946,1
ID65947,1
ID65948,0
ID65949,1
ID65950,1
ID65951,0
ID65952,1
ID65953,0
ID65954,1
ID65955,1
ID65956,1
ID65957,0
ID65958,1
ID65959,0
ID65960,0
ID65961,1
ID65962,1
ID65963,0
ID65964,1
ID65965,0
ID65966,1
ID65967,1
ID65968,1
ID65969,1
ID65970,1
ID65971,1
ID65972,1
ID65973,1
ID65974,1
ID65975,1
ID65976,0
ID65977,0
ID65978,0
ID65979,1
ID65980,1
ID65981,1
ID65982,1
ID65983,0
ID65984,1
ID65985,1
ID65986,1
ID65987,0
ID65988,1
ID65989,0
ID65990,0
ID65991,1
ID65992,1
ID65993,1
ID65994,1
ID65995,1
ID65996,1
ID65997,1
ID65998,1
ID65999,0
ID66000,1
ID66001,1
ID66002,1
ID66003,1
ID66004,1
ID66005,0
ID66006,1
ID66007,1
ID66008,1
ID66009,1
ID66010,0
ID66011,1
ID66012,1
ID66013,0
ID66014,1
ID66015,0
ID66016,1
ID66017,0
ID66018,1
ID66019,1
ID66020,0
ID66021,0
ID66022,1
ID66023,1
ID66024,1
ID66025,0
ID66026,0
ID66027,1
ID66028,1
ID66029,0
ID66030,1
ID66031,1
ID66032,0
ID66033,0
ID66034,1
ID66035,0
ID66036,1
ID66037,0
ID66038,0
ID66039,1
ID66040,1
ID66041,1
ID66042,1
ID66043,1
ID66044,0
ID66045,1
ID66046,0
ID66047,0
ID66048,1
ID66049,1
ID66050,0
ID66051,1
ID66052,1
ID66053,1
ID66054,1
ID66055,1
ID66056,0
ID66057,1
ID66058,1
ID66059,0
ID66060,1
ID66061,1
ID66062,1
ID66063,1
ID66064,0
ID66065,1
ID66066,1
ID66067,1
ID66068,1
ID66069,1
ID66070,0
ID66071,0
ID66072,0
ID66073,0
ID66074,1
ID66075,1
ID66076,0
ID66077,1
ID66078,1
ID66079,1
ID66080,1
ID66081,1
ID66082,1
ID66083,1
ID66084,1
ID66085,0
ID66086,1
ID66087,0
ID66088,1
ID66089,1
ID66090,0
ID66091,1
ID66092,1
ID66093,1
ID66094,1
ID66095,1
ID66096,0
ID66097,1
ID66098,0
ID66099,1
ID66100,1
ID66101,0
ID66102,1
ID66103,1
ID66104,1
ID66105,0
ID66106,1
ID66107,1
ID66108,1
ID66109,1
ID66110,1
ID66111,0
ID66112,0
ID66113,1
ID66114,1
ID66115,1
ID66116,1
ID66117,1
ID66118,1
ID66119,0
ID66120,1
ID66121,1
ID66122,0
ID66123,0
ID66124,0
ID66125,1
ID66126,0
ID66127,1
ID66128,0
ID66129,1
ID66130,0
ID66131,1
ID66132,1
ID66133,1
ID66134,0
ID66135,1
ID66136,0
ID66137,0
ID66138,1
ID66139,1
ID66140,1
ID66141,1
ID66142,1
ID66143,1
ID66144,1
ID66145,1
ID66146,0
ID66147,1
ID66148,0
ID66149,0
ID66150,0
ID66151,0
ID66152,0
ID66153,1
ID66154,0
ID66155,0
ID66156,1
ID66157,0
ID66158,1
ID66159,0
ID66160,0
ID66161,1
ID66162,0
ID66163,1
ID66164,0
ID66165,1
ID66166,1
ID66167,1
ID66168,1
ID66169,1
ID66170,0
ID66171,1
ID66172,1
ID66173,1
ID66174,1
ID66175,0
ID66176,0
ID66177,0
ID66178,0
ID66179,0
ID66180,0
ID66181,1
ID66182,0
ID66183,0
ID66184,1
ID66185,1
ID66186,1
ID66187,0
ID66188,1
ID66189,1
ID66190,1
ID66191,1
ID66192,1
ID66193,0
ID66194,1
ID66195,1
ID66196,1
ID66197,1
ID66198,1
ID66199,1
ID66200,0
ID66201,1
ID66202,1
ID66203,0
ID66204,1
ID66205,0
ID66206,1
ID66207,0
ID66208,0
ID66209,1
ID66210,1
ID66211,1
ID66212,0
ID66213,1
ID66214,1
ID66215,1
ID66216,1
ID66217,0
ID66218,0
ID66219,1
ID66220,0
ID66221,1
ID66222,0
ID66223,1
ID66224,1
ID66225,1
ID66226,0
ID66227,1
ID66228,1
ID66229,1
ID66230,1
ID66231,1
ID66232,0
ID66233,1
ID66234,1
ID66235,0
ID66236,0
ID66237,0
ID66238,0
ID66239,1
ID66240,0
ID66241,0
ID66242,1
ID66243,1
ID66244,1
ID66245,0
ID66246,1
ID66247,0
ID66248,1
ID66249,1
ID66250,1
ID66251,1
ID66252,1
ID66253,1
ID66254,1
ID66255,1
ID66256,0
ID66257,1
ID66258,1
ID66259,1
ID66260,0
ID66261,1
ID66262,1
ID66263,0
ID66264,1
ID66265,1
ID66266,1
ID66267,0
ID66268,1
ID66269,0
ID66270,1
ID66271,1
ID66272,0
ID66273,0
ID66274,1
ID66275,0
ID66276,1
ID66277,0
ID66278,1
ID66279,0
ID66280,0
ID66281,0
ID66282,0
ID66283,1
ID66284,1
ID66285,1
ID66286,1
ID66287,1
ID66288,1
ID66289,1
ID66290,1
ID66291,1
ID66292,1
ID66293,1
ID66294,1
ID66295,1
ID66296,0
ID66297,1
ID66298,1
ID66299,1
ID66300,1
ID66301,1
ID66302,1
ID66303,1
ID66304,0
ID66305,1
ID66306,1
ID66307,1
ID66308,1
ID66309,1
ID66310,1
ID66311,0
ID66312,1
ID66313,1
ID66314,1
ID66315,1
ID66316,1
ID66317,1
ID66318,1
ID66319,1
ID66320,0
ID66321,0
ID66322,0
ID66323,1
ID66324,1
ID66325,1
ID66326,0
ID66327,0
ID66328,1
ID66329,1
ID66330,1
ID66331,1
ID66332,1
ID66333,1
ID66334,0
ID66335,1
ID66336,1
ID66337,1
ID66338,1
ID66339,0
ID66340,1
ID66341,0
ID66342,1
ID66343,1
ID66344,1
ID66345,1
ID66346,0
ID66347,0
ID66348,0
ID66349,0
ID66350,0
ID66351,1
ID66352,0
ID66353,1
ID66354,1
ID66355,1
ID66356,1
ID66357,1
ID66358,1
ID66359,1
ID66360,1
ID66361,1
ID66362,1
ID66363,1
ID66364,1
ID66365,0
ID66366,1
ID66367,0
ID66368,1
ID66369,0
ID66370,0
ID66371,1
ID66372,0
ID66373,1
ID66374,1
ID66375,1
ID66376,1
ID66377,1
ID66378,1
ID66379,1
ID66380,1
ID66381,0
ID66382,1
ID66383,1
ID66384,0
ID66385,0
ID66386,1
ID66387,1
ID66388,1
ID66389,0
ID66390,1
ID66391,1
ID66392,1
ID66393,0
ID66394,0
ID66395,1
ID66396,1
ID66397,1
ID66398,0
ID66399,0
ID66400,1
ID66401,1
ID66402,0
ID66403,1
ID66404,1
ID66405,1
ID66406,1
ID66407,1
ID66408,0
ID66409,1
ID66410,1
ID66411,0
ID66412,0
ID66413,0
ID66414,1
ID66415,1
ID66416,0
ID66417,0
ID66418,1
ID66419,0
ID66420,1
ID66421,1
ID66422,1
ID66423,0
ID66424,1
ID66425,0
ID66426,1
ID66427,0
ID66428,0
ID66429,1
ID66430,1
ID66431,0
ID66432,1
ID66433,0
ID66434,1
ID66435,1
ID66436,1
ID66437,0
ID66438,1
ID66439,0
ID66440,0
ID66441,0
ID66442,1
ID66443,1
ID66444,1
ID66445,1
ID66446,1
ID66447,1
ID66448,1
ID66449,0
ID66450,1
ID66451,0
ID66452,1
ID66453,1
ID66454,0
ID66455,1
ID66456,1
ID66457,1
ID66458,0
ID66459,1
ID66460,1
ID66461,0
ID66462,1
ID66463,1
ID66464,1
ID66465,0
ID66466,1
ID66467,1
ID66468,0
ID66469,0
ID66470,1
ID66471,0
ID66472,0
ID66473,1
ID66474,0
ID66475,0
ID66476,1
ID66477,1
ID66478,1
ID66479,1
ID66480,1
ID66481,0
ID66482,1
ID66483,1
ID66484,1
ID66485,1
ID66486,0
ID66487,1
ID66488,0
ID66489,1
ID66490,1
ID66491,0
ID66492,1
ID66493,1
ID66494,0
ID66495,1
ID66496,1
ID66497,1
ID66498,0
ID66499,0
ID66500,1
ID66501,1
ID66502,1
ID66503,0
ID66504,0
ID66505,1
ID66506,0
ID66507,1
ID66508,1
ID66509,1
ID66510,1
ID66511,1
ID66512,1
ID66513,1
ID66514,1
ID66515,1
ID66516,0
ID66517,0
ID66518,1
ID66519,1
ID66520,0
ID66521,0
ID66522,1
ID66523,1
ID66524,0
ID66525,1
ID66526,0
ID66527,1
ID66528,1
ID66529,0
ID66530,1
ID66531,1
ID66532,1
ID66533,1
ID66534,1
ID66535,1
ID66536,0
ID66537,1
ID66538,1
ID66539,0
ID66540,1
ID66541,1
ID66542,1
ID66543,1
ID66544,0
ID66545,1
ID66546,0
ID66547,1
ID66548,0
ID66549,1
ID66550,1
ID66551,1
ID66552,1
ID66553,0
ID66554,1
ID66555,1
ID66556,1
ID66557,1
ID66558,1
ID66559,0
ID66560,1
ID66561,0
ID66562,1
ID66563,1
ID66564,1
ID66565,1
ID66566,1
ID66567,0
ID66568,1
ID66569,0
ID66570,0
ID66571,0
ID66572,1
ID66573,0
ID66574,1
ID66575,1
ID66576,0
ID66577,1
ID66578,0
ID66579,1
ID66580,1
ID66581,0
ID66582,1
ID66583,1
ID66584,0
ID66585,0
ID66586,1
ID66587,1
ID66588,1
ID66589,1
ID66590,1
ID66591,0
ID66592,1
ID66593,1
ID66594,1
ID66595,0
ID66596,0
ID66597,1
ID66598,0
ID66599,1
ID66600,0
ID66601,0
ID66602,0
ID66603,0
ID66604,0
ID66605,0
ID66606,1
ID66607,0
ID66608,1
ID66609,1
ID66610,0
ID66611,0
ID66612,1
ID66613,1
ID66614,1
ID66615,0
ID66616,0
ID66617,0
ID66618,0
ID66619,1
ID66620,0
ID66621,0
ID66622,1
ID66623,0
ID66624,1
ID66625,1
ID66626,1
ID66627,1
ID66628,1
ID66629,1
ID66630,1
ID66631,1
ID66632,0
ID66633,1
ID66634,1
ID66635,1
ID66636,0
ID66637,1
ID66638,1
ID66639,1
ID66640,1
ID66641,1
ID66642,0
ID66643,1
ID66644,0
ID66645,0
ID66646,1
ID66647,1
ID66648,1
ID66649,1
ID66650,1
ID66651,1
ID66652,1
ID66653,1
ID66654,0
ID66655,1
ID66656,1
ID66657,1
ID66658,1
ID66659,1
ID66660,1
ID66661,0
ID66662,1
ID66663,1
ID66664,0
ID66665,1
ID66666,1
ID66667,0
ID66668,1
ID66669,1
ID66670,1
ID66671,0
ID66672,1
ID66673,1
ID66674,0
ID66675,0
ID66676,1
ID66677,1
ID66678,1
ID66679,1
ID66680,0
ID66681,0
ID66682,1
ID66683,1
ID66684,0
ID66685,0
ID66686,1
ID66687,1
ID66688,1
ID66689,1
ID66690,0
ID66691,1
ID66692,0
ID66693,0
ID66694,0
ID66695,0
ID66696,0
ID66697,1
ID66698,1
ID66699,1
ID66700,0
ID66701,1
ID66702,0
ID66703,1
ID66704,0
ID66705,0
ID66706,1
ID66707,0
ID66708,0
ID66709,1
ID66710,0
ID66711,1
ID66712,0
ID66713,1
ID66714,1
ID66715,1
ID66716,0
ID66717,1
ID66718,0
ID66719,0
ID66720,1
ID66721,1
ID66722,1
ID66723,1
ID66724,0
ID66725,1
ID66726,1
ID66727,1
ID66728,1
ID66729,1
ID66730,1
ID66731,1
ID66732,1
ID66733,1
ID66734,1
ID66735,1
ID66736,1
ID66737,1
ID66738,0
ID66739,0
ID66740,0
ID66741,1
ID66742,0
ID66743,1
ID66744,1
ID66745,0
ID66746,1
ID66747,0
ID66748,1
ID66749,0
ID66750,1
ID66751,0
ID66752,0
ID66753,1
ID66754,1
ID66755,1
ID66756,0
ID66757,1
ID66758,1
ID66759,1
ID66760,0
ID66761,1
ID66762,1
ID66763,0
ID66764,0
ID66765,0
ID66766,0
ID66767,1
ID66768,0
ID66769,1
ID66770,1
ID66771,1
ID66772,1
ID66773,1
ID66774,1
ID66775,1
ID66776,0
ID66777,1
ID66778,0
ID66779,0
ID66780,1
ID66781,0
ID66782,0
ID66783,1
ID66784,1
ID66785,1
ID66786,0
ID66787,0
ID66788,1
ID66789,1
ID66790,1
ID66791,0
ID66792,1
ID66793,1
ID66794,1
ID66795,1
ID66796,1
ID66797,1
ID66798,1
ID66799,1
ID66800,1
ID66801,1
ID66802,1
ID66803,1
ID66804,0
ID66805,0
ID66806,1
ID66807,1
ID66808,1
ID66809,1
ID66810,0
ID66811,0
ID66812,1
ID66813,0
ID66814,1
ID66815,0
ID66816,1
ID66817,0
ID66818,0
ID66819,0
ID66820,0
ID66821,0
ID66822,1
ID66823,0
ID66824,1
ID66825,1
ID66826,0
ID66827,0
ID66828,1
ID66829,0
ID66830,1
ID66831,1
ID66832,1
ID66833,1
ID66834,1
ID66835,0
ID66836,1
ID66837,0
ID66838,0
ID66839,0
ID66840,0
ID66841,1
ID66842,0
ID66843,0
ID66844,1
ID66845,1
ID66846,1
ID66847,1
ID66848,1
ID66849,1
ID66850,0
ID66851,1
ID66852,0
ID66853,0
ID66854,0
ID66855,1
ID66856,1
ID66857,1
ID66858,1
ID66859,0
ID66860,1
ID66861,1
ID66862,1
ID66863,1
ID66864,0
ID66865,1
ID66866,0
ID66867,1
ID66868,1
ID66869,1
ID66870,1
ID66871,1
ID66872,1
ID66873,1
ID66874,1
ID66875,1
ID66876,1
ID66877,0
ID66878,1
ID66879,1
ID66880,1
ID66881,0
ID66882,1
ID66883,1
ID66884,1
ID66885,1
ID66886,1
ID66887,0
ID66888,1
ID66889,1
ID66890,1
ID66891,1
ID66892,1
ID66893,1
ID66894,1
ID66895,1
ID66896,1
ID66897,1
ID66898,1
ID66899,1
ID66900,0
ID66901,1
ID66902,1
ID66903,0
ID66904,1
ID66905,1
ID66906,1
ID66907,1
ID66908,1
ID66909,1
ID66910,0
ID66911,0
ID66912,1
ID66913,1
ID66914,1
ID66915,1
ID66916,1
ID66917,0
ID66918,0
ID66919,1
ID66920,1
ID66921,0
ID66922,1
ID66923,1
ID66924,0
ID66925,1
ID66926,1
ID66927,1
ID66928,1
ID66929,1
ID66930,1
ID66931,0
ID66932,1
ID66933,0
ID66934,1
ID66935,1
ID66936,1
ID66937,1
ID66938,0
ID66939,1
ID66940,0
ID66941,1
ID66942,1
ID66943,1
ID66944,1
ID66945,0
ID66946,0
ID66947,0
ID66948,1
ID66949,1
ID66950,1
ID66951,0
ID66952,1
ID66953,1
ID66954,0
ID66955,1
ID66956,1
ID66957,1
ID66958,0
ID66959,0
ID66960,1
ID66961,1
ID66962,1
ID66963,1
ID66964,1
ID66965,1
ID66966,1
ID66967,1
ID66968,0
ID66969,0
ID66970,1
ID66971,1
ID66972,0
ID66973,1
ID66974,1
ID66975,1
ID66976,1
ID66977,1
ID66978,0
ID66979,1
ID66980,1
ID66981,1
ID66982,1
ID66983,1
ID66984,1
ID66985,0
ID66986,1
ID66987,1
ID66988,1
ID66989,1
ID66990,0
ID66991,1
ID66992,0
ID66993,1
ID66994,1
ID66995,1
ID66996,1
ID66997,1
ID66998,0
ID66999,1
ID67000,1
ID67001,0
ID67002,1
ID67003,1
ID67004,0
ID67005,1
ID67006,1
ID67007,1
ID67008,0
ID67009,1
ID67010,1
ID67011,1
ID67012,1
ID67013,1
ID67014,1
ID67015,0
ID67016,1
ID67017,0
ID67018,1
ID67019,1
ID67020,0
ID67021,0
ID67022,1
ID67023,1
ID67024,1
ID67025,1
ID67026,1
ID67027,0
ID67028,0
ID67029,1
ID67030,1
ID67031,1
ID67032,1
ID67033,1
ID67034,0
ID67035,1
ID67036,0
ID67037,1
ID67038,0
ID67039,1
ID67040,0
ID67041,1
ID67042,0
ID67043,1
ID67044,0
ID67045,1
ID67046,1
ID67047,0
ID67048,0
ID67049,1
ID67050,0
ID67051,1
ID67052,1
ID67053,1
ID67054,1
ID67055,0
ID67056,1
ID67057,0
ID67058,0
ID67059,0
ID67060,1
ID67061,1
ID67062,0
ID67063,0
ID67064,1
ID67065,1
ID67066,1
ID67067,1
ID67068,1
ID67069,1
ID67070,0
ID67071,0
ID67072,0
ID67073,1
ID67074,0
ID67075,1
ID67076,0
ID67077,1
ID67078,1
ID67079,0
ID67080,1
ID67081,0
ID67082,0
ID67083,1
ID67084,1
ID67085,0
ID67086,0
ID67087,0
ID67088,1
ID67089,1
ID67090,0
ID67091,1
ID67092,1
ID67093,1
ID67094,0
ID67095,0
ID67096,1
ID67097,1
ID67098,1
ID67099,0
ID67100,1
ID67101,1
ID67102,1
ID67103,1
ID67104,0
ID67105,0
ID67106,0
ID67107,0
ID67108,1
ID67109,0
ID67110,1
ID67111,1
ID67112,1
ID67113,1
ID67114,0
ID67115,1
ID67116,0
ID67117,0
ID67118,0
ID67119,0
ID67120,0
ID67121,0
ID67122,0
ID67123,0
ID67124,0
ID67125,1
ID67126,1
ID67127,1
ID67128,1
ID67129,1
ID67130,1
ID67131,0
ID67132,1
ID67133,1
ID67134,0
ID67135,1
ID67136,1
ID67137,1
ID67138,1
ID67139,0
ID67140,0
ID67141,0
ID67142,1
ID67143,0
ID67144,1
ID67145,1
ID67146,0
ID67147,1
ID67148,0
ID67149,1
ID67150,1
ID67151,1
ID67152,1
ID67153,1
ID67154,1
ID67155,1
ID67156,1
ID67157,0
ID67158,0
ID67159,0
ID67160,0
ID67161,1
ID67162,0
ID67163,0
ID67164,1
ID67165,1
ID67166,0
ID67167,0
ID67168,1
ID67169,0
ID67170,1
ID67171,1
ID67172,1
ID67173,1
ID67174,0
ID67175,1
ID67176,1
ID67177,0
ID67178,0
ID67179,1
ID67180,1
ID67181,1
ID67182,1
ID67183,1
ID67184,1
ID67185,0
ID67186,0
ID67187,1
ID67188,0
ID67189,1
ID67190,1
ID67191,1
ID67192,1
ID67193,0
ID67194,0
ID67195,0
ID67196,1
ID67197,1
ID67198,0
ID67199,1
ID67200,1
ID67201,0
ID67202,1
ID67203,1
ID67204,1
ID67205,1
ID67206,1
ID67207,1
ID67208,1
ID67209,1
ID67210,1
ID67211,1
ID67212,0
ID67213,1
ID67214,0
ID67215,1
ID67216,1
ID67217,1
ID67218,1
ID67219,1
ID67220,1
ID67221,1
ID67222,1
ID67223,1
ID67224,1
ID67225,1
ID67226,1
ID67227,1
ID67228,1
ID67229,1
ID67230,1
ID67231,1
ID67232,1
ID67233,1
ID67234,1
ID67235,1
ID67236,0
ID67237,0
ID67238,1
ID67239,1
ID67240,1
ID67241,1
ID67242,0
ID67243,1
ID67244,1
ID67245,0
ID67246,1
ID67247,1
ID67248,0
ID67249,1
ID67250,1
ID67251,1
ID67252,1
ID67253,0
ID67254,1
ID67255,0
ID67256,1
ID67257,1
ID67258,1
ID67259,1
ID67260,1
ID67261,1
ID67262,1
ID67263,1
ID67264,0
ID67265,0
ID67266,1
ID67267,1
ID67268,0
ID67269,1
ID67270,1
ID67271,1
ID67272,1
ID67273,0
ID67274,0
ID67275,1
ID67276,1
ID67277,1
ID67278,0
ID67279,1
ID67280,0
ID67281,1
ID67282,1
ID67283,0
ID67284,1
ID67285,0
ID67286,1
ID67287,1
ID67288,0
ID67289,1
ID67290,0
ID67291,1
ID67292,0
ID67293,1
ID67294,1
ID67295,1
ID67296,1
ID67297,1
ID67298,0
ID67299,0
ID67300,1
ID67301,0
ID67302,0
ID67303,0
ID67304,1
ID67305,1
ID67306,1
ID67307,1
ID67308,1
ID67309,0
ID67310,0
ID67311,0
ID67312,0
ID67313,1
ID67314,0
ID67315,0
ID67316,1
ID67317,1
ID67318,1
ID67319,1
ID67320,0
ID67321,0
ID67322,1
ID67323,1
ID67324,1
ID67325,1
ID67326,1
ID67327,0
ID67328,1
ID67329,1
ID67330,0
ID67331,1
ID67332,1
ID67333,0
ID67334,1
ID67335,1
ID67336,1
ID67337,1
ID67338,1
ID67339,1
ID67340,0
ID67341,1
ID67342,1
ID67343,1
ID67344,0
ID67345,1
ID67346,1
ID67347,1
ID67348,1
ID67349,1
ID67350,1
ID67351,1
ID67352,1
ID67353,0
ID67354,0
ID67355,1
ID67356,1
ID67357,1
ID67358,1
ID67359,1
ID67360,1
ID67361,1
ID67362,0
ID67363,0
ID67364,0
ID67365,1
ID67366,1
ID67367,1
ID67368,1
ID67369,1
ID67370,1
ID67371,1
ID67372,1
ID67373,1
ID67374,1
ID67375,1
ID67376,0
ID67377,1
ID67378,1
ID67379,1
ID67380,1
ID67381,1
ID67382,1
ID67383,1
ID67384,0
ID67385,1
ID67386,1
ID67387,0
ID67388,1
ID67389,1
ID67390,0
ID67391,1
ID67392,1
ID67393,1
ID67394,1
ID67395,0
ID67396,1
ID67397,1
ID67398,0
ID67399,1
ID67400,0
ID67401,1
ID67402,0
ID67403,1
ID67404,1
ID67405,1
ID67406,1
ID67407,1
ID67408,1
ID67409,1
ID67410,0
ID67411,1
ID67412,0
ID67413,1
ID67414,1
ID67415,1
ID67416,1
ID67417,1
ID67418,1
ID67419,1
ID67420,1
ID67421,1
ID67422,1
ID67423,1
ID67424,0
ID67425,0
ID67426,1
ID67427,1
ID67428,1
ID67429,0
ID67430,1
ID67431,0
ID67432,1
ID67433,0
ID67434,1
ID67435,1
ID67436,1
ID67437,1
ID67438,0
ID67439,1
ID67440,0
ID67441,1
ID67442,1
ID67443,0
ID67444,1
ID67445,1
ID67446,1
ID67447,1
ID67448,1
ID67449,1
ID67450,1
ID67451,1
ID67452,0
ID67453,1
ID67454,1
ID67455,1
ID67456,0
ID67457,0
ID67458,1
ID67459,1
ID67460,1
ID67461,1
ID67462,1
ID67463,0
ID67464,1
ID67465,0
ID67466,0
ID67467,1
ID67468,1
ID67469,0
ID67470,0
ID67471,1
ID67472,1
ID67473,1
ID67474,1
ID67475,1
ID67476,1
ID67477,0
ID67478,1
ID67479,1
ID67480,1
ID67481,0
ID67482,0
ID67483,1
ID67484,1
ID67485,1
ID67486,0
ID67487,0
ID67488,1
ID67489,1
ID67490,0
ID67491,1
ID67492,1
ID67493,0
ID67494,1
ID67495,1
ID67496,1
ID67497,1
ID67498,1
ID67499,0
ID67500,1
ID67501,0
ID67502,0
ID67503,0
ID67504,1
ID67505,1
ID67506,0
ID67507,0
ID67508,1
ID67509,0
ID67510,1
ID67511,0
ID67512,0
ID67513,1
ID67514,1
ID67515,1
ID67516,1
ID67517,1
ID67518,1
ID67519,1
ID67520,0
ID67521,1
ID67522,1
ID67523,1
ID67524,0
ID67525,0
ID67526,1
ID67527,0
ID67528,1
ID67529,0
ID67530,1
ID67531,0
ID67532,1
ID67533,1
ID67534,1
ID67535,0
ID67536,1
ID67537,1
ID67538,1
ID67539,1
ID67540,0
ID67541,0
ID67542,0
ID67543,1
ID67544,0
ID67545,1
ID67546,0
ID67547,1
ID67548,1
ID67549,1
ID67550,1
ID67551,1
ID67552,0
ID67553,0
ID67554,1
ID67555,1
ID67556,1
ID67557,1
ID67558,1
ID67559,0
ID67560,1
ID67561,1
ID67562,1
ID67563,1
ID67564,1
ID67565,1
ID67566,0
ID67567,0
ID67568,0
ID67569,0
ID67570,1
ID67571,0
ID67572,0
ID67573,1
ID67574,1
ID67575,1
ID67576,0
ID67577,0
ID67578,1
ID67579,0
ID67580,0
ID67581,1
ID67582,1
ID67583,1
ID67584,0
ID67585,1
ID67586,0
ID67587,1
ID67588,1
ID67589,0
ID67590,1
ID67591,0
ID67592,1
ID67593,1
ID67594,1
ID67595,1
ID67596,1
ID67597,1
ID67598,1
ID67599,0
ID67600,1
ID67601,1
ID67602,1
ID67603,0
ID67604,1
ID67605,0
ID67606,1
ID67607,0
ID67608,1
ID67609,0
ID67610,0
ID67611,1
ID67612,0
ID67613,1
ID67614,1
ID67615,0
ID67616,1
ID67617,1
ID67618,1
ID67619,0
ID67620,1
ID67621,1
ID67622,1
ID67623,1
ID67624,1
ID67625,1
ID67626,1
ID67627,0
ID67628,1
ID67629,1
ID67630,1
ID67631,0
ID67632,0
ID67633,1
ID67634,1
ID67635,1
ID67636,1
ID67637,0
ID67638,1
ID67639,0
ID67640,0
ID67641,1
ID67642,0
ID67643,1
ID67644,0
ID67645,1
ID67646,1
ID67647,1
ID67648,0
ID67649,1
ID67650,1
ID67651,1
ID67652,0
ID67653,1
ID67654,0
ID67655,1
ID67656,1
ID67657,1
ID67658,1
ID67659,1
ID67660,0
ID67661,1
ID67662,1
ID67663,1
ID67664,1
ID67665,1
ID67666,0
ID67667,1
ID67668,1
ID67669,1
ID67670,1
ID67671,0
ID67672,0
ID67673,0
ID67674,1
ID67675,1
ID67676,1
ID67677,1
ID67678,1
ID67679,0
ID67680,1
ID67681,1
ID67682,1
ID67683,0
ID67684,0
ID67685,1
ID67686,1
ID67687,1
ID67688,0
ID67689,1
ID67690,1
ID67691,0
ID67692,0
ID67693,0
ID67694,1
ID67695,1
ID67696,1
ID67697,1
ID67698,1
ID67699,1
ID67700,1
ID67701,1
ID67702,1
ID67703,1
ID67704,0
ID67705,1
ID67706,1
ID67707,0
ID67708,1
ID67709,1
ID67710,1
ID67711,1
ID67712,1
ID67713,1
ID67714,1
ID67715,0
ID67716,1
ID67717,0
ID67718,0
ID67719,1
ID67720,1
ID67721,1
ID67722,1
ID67723,1
ID67724,1
ID67725,1
ID67726,0
ID67727,1
ID67728,0
ID67729,0
ID67730,1
ID67731,1
ID67732,0
ID67733,1
ID67734,1
ID67735,1
ID67736,0
ID67737,0
ID67738,1
ID67739,1
ID67740,1
ID67741,1
ID67742,1
ID67743,1
ID67744,1
ID67745,0
ID67746,1
ID67747,1
ID67748,1
ID67749,1
ID67750,1
ID67751,1
ID67752,1
ID67753,1
ID67754,1
ID67755,0
ID67756,0
ID67757,1
ID67758,0
ID67759,1
ID67760,0
ID67761,0
ID67762,0
ID67763,1
ID67764,1
ID67765,0
ID67766,1
ID67767,1
ID67768,1
ID67769,0
ID67770,0
ID67771,1
ID67772,0
ID67773,1
ID67774,1
ID67775,1
ID67776,0
ID67777,0
ID67778,0
ID67779,1
ID67780,0
ID67781,1
ID67782,0
ID67783,0
ID67784,1
ID67785,1
ID67786,0
ID67787,1
ID67788,1
ID67789,0
ID67790,1
ID67791,1
ID67792,0
ID67793,0
ID67794,0
ID67795,0
ID67796,0
ID67797,1
ID67798,1
ID67799,0
ID67800,1
ID67801,1
ID67802,0
ID67803,1
ID67804,0
ID67805,0
ID67806,1
ID67807,1
ID67808,0
ID67809,0
ID67810,1
ID67811,0
ID67812,1
ID67813,1
ID67814,1
ID67815,1
ID67816,1
ID67817,1
ID67818,1
ID67819,0
ID67820,0
ID67821,0
ID67822,1
ID67823,0
ID67824,0
ID67825,0
ID67826,1
ID67827,1
ID67828,1
ID67829,0
ID67830,1
ID67831,1
ID67832,0
ID67833,0
ID67834,0
ID67835,1
ID67836,1
ID67837,1
ID67838,0
ID67839,1
ID67840,1
ID67841,1
ID67842,1
ID67843,1
ID67844,1
ID67845,1
ID67846,1
ID67847,1
ID67848,1
ID67849,1
ID67850,0
ID67851,0
ID67852,1
ID67853,1
ID67854,1
ID67855,0
ID67856,1
ID67857,1
ID67858,1
ID67859,1
ID67860,1
ID67861,1
ID67862,0
ID67863,1
ID67864,0
ID67865,1
ID67866,0
ID67867,1
ID67868,1
ID67869,0
ID67870,1
ID67871,1
ID67872,1
ID67873,1
ID67874,0
ID67875,1
ID67876,1
ID67877,0
ID67878,1
ID67879,1
ID67880,1
ID67881,1
ID67882,1
ID67883,1
ID67884,1
ID67885,1
ID67886,1
ID67887,1
ID67888,1
ID67889,1
ID67890,1
ID67891,0
ID67892,1
ID67893,1
ID67894,1
ID67895,0
ID67896,1
ID67897,1
ID67898,1
ID67899,1
ID67900,1
ID67901,1
ID67902,1
ID67903,1
ID67904,0
ID67905,1
ID67906,1
ID67907,1
ID67908,1
ID67909,1
ID67910,0
ID67911,0
ID67912,1
ID67913,0
ID67914,1
ID67915,0
ID67916,0
ID67917,1
ID67918,1
ID67919,1
ID67920,1
ID67921,1
ID67922,1
ID67923,1
ID67924,1
ID67925,0
ID67926,1
ID67927,0
ID67928,0
ID67929,0
ID67930,1
ID67931,1
ID67932,1
ID67933,0
ID67934,1
ID67935,0
ID67936,1
ID67937,1
ID67938,1
ID67939,1
ID67940,1
ID67941,1
ID67942,1
ID67943,1
ID67944,1
ID67945,1
ID67946,0
ID67947,0
ID67948,1
ID67949,1
ID67950,0
ID67951,1
ID67952,0
ID67953,0
ID67954,0
ID67955,1
ID67956,1
ID67957,1
ID67958,1
ID67959,1
ID67960,1
ID67961,1
ID67962,0
ID67963,0
ID67964,1
ID67965,1
ID67966,1
ID67967,1
ID67968,1
ID67969,1
ID67970,1
ID67971,1
ID67972,1
ID67973,0
ID67974,1
ID67975,0
ID67976,1
ID67977,1
ID67978,0
ID67979,1
ID67980,0
ID67981,0
ID67982,1
ID67983,1
ID67984,1
ID67985,0
ID67986,0
ID67987,1
ID67988,1
ID67989,1
ID67990,1
ID67991,0
ID67992,1
ID67993,0
ID67994,1
ID67995,0
ID67996,1
ID67997,0
ID67998,0
ID67999,0
ID68000,0
ID68001,1
ID68002,1
ID68003,1
ID68004,1
ID68005,1
ID68006,1
ID68007,1
ID68008,1
ID68009,1
ID68010,0
ID68011,1
ID68012,1
ID68013,0
ID68014,0
ID68015,0
ID68016,0
ID68017,1
ID68018,1
ID68019,0
ID68020,1
ID68021,1
ID68022,1
ID68023,0
ID68024,1
ID68025,0
ID68026,1
ID68027,0
ID68028,1
ID68029,0
ID68030,1
ID68031,1
ID68032,1
ID68033,0
ID68034,1
ID68035,1
ID68036,1
ID68037,1
ID68038,0
ID68039,0
ID68040,1
ID68041,1
ID68042,1
ID68043,0
ID68044,1
ID68045,0
ID68046,1
ID68047,1
ID68048,1
ID68049,1
ID68050,1
ID68051,0
ID68052,1
ID68053,0
ID68054,0
ID68055,1
ID68056,1
ID68057,1
ID68058,1
ID68059,0
ID68060,1
ID68061,1
ID68062,0
ID68063,1
ID68064,1
ID68065,1
ID68066,0
ID68067,1
ID68068,0
ID68069,0
ID68070,1
ID68071,1
ID68072,0
ID68073,1
ID68074,1
ID68075,1
ID68076,1
ID68077,1
ID68078,1
ID68079,0
ID68080,1
ID68081,1
ID68082,1
ID68083,1
ID68084,1
ID68085,1
ID68086,0
ID68087,1
ID68088,1
ID68089,1
ID68090,0
ID68091,1
ID68092,1
ID68093,1
ID68094,0
ID68095,1
ID68096,1
ID68097,0
ID68098,1
ID68099,1
ID68100,0
ID68101,1
ID68102,1
ID68103,1
ID68104,1
ID68105,0
ID68106,0
ID68107,1
ID68108,1
ID68109,0
ID68110,0
ID68111,1
ID68112,1
ID68113,1
ID68114,0
ID68115,0
ID68116,0
ID68117,1
ID68118,1
ID68119,0
ID68120,0
ID68121,1
ID68122,0
ID68123,1
ID68124,0
ID68125,0
ID68126,0
ID68127,1
ID68128,0
ID68129,1
ID68130,0
ID68131,0
ID68132,1
ID68133,1
ID68134,0
ID68135,1
ID68136,1
ID68137,1
ID68138,1
ID68139,1
ID68140,1
ID68141,1
ID68142,0
ID68143,1
ID68144,1
ID68145,0
ID68146,0
ID68147,1
ID68148,1
ID68149,1
ID68150,0
ID68151,1
ID68152,1
ID68153,1
ID68154,0
ID68155,1
ID68156,1
ID68157,1
ID68158,0
ID68159,1
ID68160,0
ID68161,1
ID68162,1
ID68163,0
ID68164,1
ID68165,1
ID68166,1
ID68167,1
ID68168,1
ID68169,1
ID68170,0
ID68171,1
ID68172,1
ID68173,0
ID68174,1
ID68175,1
ID68176,1
ID68177,0
ID68178,0
ID68179,1
ID68180,0
ID68181,1
ID68182,1
ID68183,0
ID68184,1
ID68185,1
ID68186,1
ID68187,1
ID68188,1
ID68189,1
ID68190,0
ID68191,0
ID68192,1
ID68193,1
ID68194,1
ID68195,1
ID68196,0
ID68197,0
ID68198,1
ID68199,1
ID68200,1
ID68201,0
ID68202,1
ID68203,1
ID68204,0
ID68205,1
ID68206,1
ID68207,0
ID68208,0
ID68209,1
ID68210,1
ID68211,1
ID68212,0
ID68213,1
ID68214,0
ID68215,1
ID68216,1
ID68217,1
ID68218,1
ID68219,1
ID68220,0
ID68221,1
ID68222,1
ID68223,0
ID68224,1
ID68225,1
ID68226,0
ID68227,1
ID68228,0
ID68229,1
ID68230,1
ID68231,1
ID68232,1
ID68233,1
ID68234,0
ID68235,1
ID68236,1
ID68237,1
ID68238,0
ID68239,1
ID68240,1
ID68241,0
ID68242,0
ID68243,1
ID68244,1
ID68245,1
ID68246,1
ID68247,1
ID68248,0
ID68249,1
ID68250,1
ID68251,0
ID68252,1
ID68253,1
ID68254,1
ID68255,1
ID68256,1
ID68257,1
ID68258,1
ID68259,0
ID68260,0
ID68261,0
ID68262,0
ID68263,0
ID68264,1
ID68265,1
ID68266,1
ID68267,1
ID68268,0
ID68269,1
ID68270,0
ID68271,1
ID68272,1
ID68273,0
ID68274,1
ID68275,1
ID68276,0
ID68277,0
ID68278,1
ID68279,0
ID68280,0
ID68281,0
ID68282,0
ID68283,0
ID68284,1
ID68285,1
ID68286,1
ID68287,1
ID68288,0
ID68289,1
ID68290,0
ID68291,1
ID68292,1
ID68293,0
ID68294,1
ID68295,0
ID68296,1
ID68297,0
ID68298,1
ID68299,1
ID68300,1
ID68301,1
ID68302,1
ID68303,0
ID68304,0
ID68305,1
ID68306,1
ID68307,0
ID68308,1
ID68309,1
ID68310,0
ID68311,0
ID68312,1
ID68313,1
ID68314,0
ID68315,1
ID68316,0
ID68317,1
ID68318,1
ID68319,1
ID68320,1
ID68321,0
ID68322,1
ID68323,1
ID68324,1
ID68325,1
ID68326,1
ID68327,1
ID68328,1
ID68329,1
ID68330,1
ID68331,0
ID68332,0
ID68333,0
ID68334,0
ID68335,1
ID68336,0
ID68337,1
ID68338,0
ID68339,0
ID68340,1
ID68341,0
ID68342,0
ID68343,1
ID68344,1
ID68345,0
ID68346,1
ID68347,1
ID68348,0
ID68349,1
ID68350,1
ID68351,0
ID68352,0
ID68353,1
ID68354,1
ID68355,1
ID68356,0
ID68357,1
ID68358,1
ID68359,1
ID68360,1
ID68361,1
ID68362,1
ID68363,1
ID68364,1
ID68365,0
ID68366,1
ID68367,1
ID68368,0
ID68369,1
ID68370,0
ID68371,0
ID68372,1
ID68373,1
ID68374,1
ID68375,0
ID68376,1
ID68377,0
ID68378,1
ID68379,0
ID68380,1
ID68381,0
ID68382,0
ID68383,0
ID68384,1
ID68385,1
ID68386,1
ID68387,0
ID68388,1
ID68389,0
ID68390,1
ID68391,0
ID68392,1
ID68393,1
ID68394,0
ID68395,1
ID68396,0
ID68397,1
ID68398,1
ID68399,1
ID68400,1
ID68401,1
ID68402,1
ID68403,1
ID68404,1
ID68405,1
ID68406,1
ID68407,1
ID68408,1
ID68409,0
ID68410,0
ID68411,1
ID68412,0
ID68413,1
ID68414,1
ID68415,0
ID68416,0
ID68417,1
ID68418,1
ID68419,1
ID68420,1
ID68421,1
ID68422,1
ID68423,0
ID68424,1
ID68425,1
ID68426,1
ID68427,1
ID68428,0
ID68429,1
ID68430,1
ID68431,1
ID68432,1
ID68433,1
ID68434,1
ID68435,0
ID68436,0
ID68437,1
ID68438,1
ID68439,1
ID68440,1
ID68441,1
ID68442,1
ID68443,0
ID68444,1
ID68445,1
ID68446,0
ID68447,1
ID68448,1
ID68449,1
ID68450,1
ID68451,0
ID68452,1
ID68453,0
ID68454,0
ID68455,1
ID68456,1
ID68457,0
ID68458,1
ID68459,0
ID68460,1
ID68461,1
ID68462,1
ID68463,1
ID68464,1
ID68465,1
ID68466,0
ID68467,0
ID68468,1
ID68469,1
ID68470,1
ID68471,1
ID68472,1
ID68473,1
ID68474,0
ID68475,1
ID68476,1
ID68477,1
ID68478,1
ID68479,1
ID68480,1
ID68481,1
ID68482,1
ID68483,0
ID68484,1
ID68485,1
ID68486,0
ID68487,1
ID68488,0
ID68489,0
ID68490,1
ID68491,1
ID68492,1
ID68493,1
ID68494,0
ID68495,1
ID68496,0
ID68497,1
ID68498,1
ID68499,1
ID68500,0
ID68501,1
ID68502,0
ID68503,1
ID68504,0
ID68505,0
ID68506,1
ID68507,1
ID68508,0
ID68509,1
ID68510,1
ID68511,1
ID68512,1
ID68513,0
ID68514,0
ID68515,0
ID68516,1
ID68517,1
ID68518,1
ID68519,0
ID68520,1
ID68521,1
ID68522,1
ID68523,1
ID68524,0
ID68525,0
ID68526,0
ID68527,1
ID68528,1
ID68529,0
ID68530,1
ID68531,1
ID68532,1
ID68533,1
ID68534,1
ID68535,1
ID68536,0
ID68537,0
ID68538,0
ID68539,1
ID68540,1
ID68541,1
ID68542,0
ID68543,1
ID68544,1
ID68545,1
ID68546,1
ID68547,1
ID68548,1
ID68549,1
ID68550,1
ID68551,0
ID68552,0
ID68553,0
ID68554,1
ID68555,1
ID68556,0
ID68557,0
ID68558,0
ID68559,0
ID68560,1
ID68561,0
ID68562,1
ID68563,1
ID68564,1
ID68565,1
ID68566,0
ID68567,1
ID68568,1
ID68569,1
ID68570,1
ID68571,1
ID68572,1
ID68573,0
ID68574,1
ID68575,1
ID68576,0
ID68577,1
ID68578,1
ID68579,0
ID68580,1
ID68581,0
ID68582,1
ID68583,1
ID68584,0
ID68585,1
ID68586,1
ID68587,1
ID68588,1
ID68589,0
ID68590,0
ID68591,0
ID68592,0
ID68593,1
ID68594,1
ID68595,1
ID68596,0
ID68597,0
ID68598,1
ID68599,1
ID68600,0
ID68601,0
ID68602,1
ID68603,1
ID68604,1
ID68605,1
ID68606,1
ID68607,1
ID68608,1
ID68609,0
ID68610,0
ID68611,1
ID68612,1
ID68613,1
ID68614,0
ID68615,1
ID68616,0
ID68617,1
ID68618,1
ID68619,0
ID68620,1
ID68621,1
ID68622,0
ID68623,0
ID68624,1
ID68625,1
ID68626,1
ID68627,1
ID68628,1
ID68629,1
ID68630,1
ID68631,0
ID68632,1
ID68633,1
ID68634,1
ID68635,1
ID68636,0
ID68637,1
ID68638,1
ID68639,1
ID68640,0
ID68641,0
ID68642,1
ID68643,1
ID68644,0
ID68645,0
ID68646,1
ID68647,0
ID68648,1
ID68649,1
ID68650,1
ID68651,1
ID68652,1
ID68653,0
ID68654,1
ID68655,1
ID68656,1
ID68657,0
ID68658,1
ID68659,0
ID68660,0
ID68661,1
ID68662,0
ID68663,0
ID68664,1
ID68665,0
ID68666,1
ID68667,1
ID68668,1
ID68669,1
ID68670,1
ID68671,1
ID68672,1
ID68673,1
ID68674,0
ID68675,1
ID68676,1
ID68677,0
ID68678,1
ID68679,1
ID68680,0
ID68681,0
ID68682,1
ID68683,1
ID68684,1
ID68685,1
ID68686,1
ID68687,1
ID68688,1
ID68689,0
ID68690,0
ID68691,1
ID68692,0
ID68693,1
ID68694,0
ID68695,0
ID68696,1
ID68697,0
ID68698,1
ID68699,1
ID68700,0
ID68701,1
ID68702,1
ID68703,0
ID68704,0
ID68705,0
ID68706,0
ID68707,1
ID68708,1
ID68709,1
ID68710,0
ID68711,1
ID68712,1
ID68713,0
ID68714,0
ID68715,1
ID68716,1
ID68717,1
ID68718,0
ID68719,0
ID68720,1
ID68721,1
ID68722,1
ID68723,0
ID68724,1
ID68725,0
ID68726,0
ID68727,1
ID68728,1
ID68729,1
ID68730,1
ID68731,1
ID68732,0
ID68733,0
ID68734,1
ID68735,0
ID68736,0
ID68737,1
ID68738,1
ID68739,0
ID68740,0
ID68741,1
ID68742,1
ID68743,0
ID68744,1
ID68745,1
ID68746,0
ID68747,1
ID68748,1
ID68749,1
ID68750,0
ID68751,1
ID68752,0
ID68753,0
ID68754,1
ID68755,1
ID68756,1
ID68757,1
ID68758,1
ID68759,1
ID68760,1
ID68761,1
ID68762,0
ID68763,1
ID68764,1
ID68765,0
ID68766,1
ID68767,1
ID68768,1
ID68769,1
ID68770,0
ID68771,1
ID68772,0
ID68773,0
ID68774,1
ID68775,1
ID68776,1
ID68777,1
ID68778,1
ID68779,1
ID68780,1
ID68781,0
ID68782,0
ID68783,1
ID68784,0
ID68785,0
ID68786,1
ID68787,0
ID68788,1
ID68789,1
ID68790,0
ID68791,1
ID68792,0
ID68793,0
ID68794,1
ID68795,1
ID68796,1
ID68797,0
ID68798,0
ID68799,1
ID68800,0
ID68801,0
ID68802,1
ID68803,0
ID68804,1
ID68805,1
ID68806,1
ID68807,1
ID68808,1
ID68809,1
ID68810,1
ID68811,1
ID68812,1
ID68813,1
ID68814,0
ID68815,1
ID68816,1
ID68817,0
ID68818,0
ID68819,1
ID68820,1
ID68821,1
ID68822,1
ID68823,1
ID68824,0
ID68825,1
ID68826,0
ID68827,1
ID68828,0
ID68829,0
ID68830,1
ID68831,1
ID68832,1
ID68833,1
ID68834,1
ID68835,1
ID68836,1
ID68837,1
ID68838,1
ID68839,1
ID68840,0
ID68841,1
ID68842,1
ID68843,0
ID68844,1
ID68845,1
ID68846,0
ID68847,0
ID68848,1
ID68849,1
ID68850,0
ID68851,1
ID68852,1
ID68853,1
ID68854,1
ID68855,1
ID68856,0
ID68857,0
ID68858,1
ID68859,0
ID68860,0
ID68861,1
ID68862,1
ID68863,1
ID68864,0
ID68865,1
ID68866,0
ID68867,0
ID68868,1
ID68869,1
ID68870,1
ID68871,1
ID68872,1
ID68873,1
ID68874,1
ID68875,1
ID68876,1
ID68877,1
ID68878,1
ID68879,1
ID68880,0
ID68881,1
ID68882,1
ID68883,1
ID68884,1
ID68885,0
ID68886,1
ID68887,1
ID68888,1
ID68889,0
ID68890,1
ID68891,0
ID68892,0
ID68893,1
ID68894,1
ID68895,0
ID68896,1
ID68897,0
ID68898,0
ID68899,1
ID68900,1
ID68901,1
ID68902,1
ID68903,0
ID68904,0
ID68905,0
ID68906,1
ID68907,1
ID68908,1
ID68909,1
ID68910,0
ID68911,1
ID68912,1
ID68913,1
ID68914,0
ID68915,0
ID68916,1
ID68917,1
ID68918,1
ID68919,1
ID68920,1
ID68921,1
ID68922,1
ID68923,0
ID68924,1
ID68925,1
ID68926,0
ID68927,0
ID68928,0
ID68929,0
ID68930,1
ID68931,1
ID68932,1
ID68933,0
ID68934,1
ID68935,1
ID68936,0
ID68937,0
ID68938,0
ID68939,0
ID68940,1
ID68941,1
ID68942,1
ID68943,1
ID68944,1
ID68945,1
ID68946,0
ID68947,1
ID68948,1
ID68949,1
ID68950,0
ID68951,1
ID68952,1
ID68953,1
ID68954,0
ID68955,0
ID68956,1
ID68957,1
ID68958,1
ID68959,1
ID68960,0
ID68961,1
ID68962,1
ID68963,0
ID68964,1
ID68965,1
ID68966,0
ID68967,1
ID68968,1
ID68969,0
ID68970,0
ID68971,0
ID68972,1
ID68973,1
ID68974,0
ID68975,1
ID68976,1
ID68977,1
ID68978,1
ID68979,0
ID68980,1
ID68981,1
ID68982,1
ID68983,1
ID68984,1
ID68985,1
ID68986,1
ID68987,0
ID68988,1
ID68989,1
ID68990,0
ID68991,0
ID68992,1
ID68993,1
ID68994,0
ID68995,1
ID68996,1
ID68997,1
ID68998,1
ID68999,0
ID69000,0
ID69001,1
ID69002,0
ID69003,1
ID69004,0
ID69005,1
ID69006,0
ID69007,1
ID69008,1
ID69009,0
ID69010,1
ID69011,1
ID69012,1
ID69013,1
ID69014,0
ID69015,1
ID69016,1
ID69017,1
ID69018,0
ID69019,1
ID69020,1
ID69021,0
ID69022,0
ID69023,1
ID69024,1
ID69025,1
ID69026,1
ID69027,1
ID69028,1
ID69029,1
ID69030,1
ID69031,1
ID69032,1
ID69033,1
ID69034,1
ID69035,1
ID69036,0
ID69037,1
ID69038,1
ID69039,1
ID69040,1
ID69041,0
ID69042,1
ID69043,1
ID69044,1
ID69045,1
ID69046,1
ID69047,1
ID69048,0
ID69049,1
ID69050,0
ID69051,0
ID69052,1
ID69053,1
ID69054,1
ID69055,1
ID69056,1
ID69057,0
ID69058,1
ID69059,1
ID69060,0
ID69061,1
ID69062,1
ID69063,1
ID69064,0
ID69065,1
ID69066,1
ID69067,1
ID69068,0
ID69069,1
ID69070,0
ID69071,0
ID69072,0
ID69073,1
ID69074,1
ID69075,1
ID69076,0
ID69077,1
ID69078,1
ID69079,1
ID69080,1
ID69081,1
ID69082,0
ID69083,0
ID69084,0
ID69085,1
ID69086,1
ID69087,1
ID69088,0
ID69089,1
ID69090,1
ID69091,1
ID69092,1
ID69093,1
ID69094,1
ID69095,0
ID69096,0
ID69097,1
ID69098,0
ID69099,0
ID69100,0
ID69101,1
ID69102,0
ID69103,0
ID69104,0
ID69105,1
ID69106,0
ID69107,0
ID69108,1
ID69109,0
ID69110,1
ID69111,1
ID69112,1
ID69113,1
ID69114,1
ID69115,1
ID69116,1
ID69117,1
ID69118,0
ID69119,0
ID69120,1
ID69121,0
ID69122,1
ID69123,1
ID69124,1
ID69125,1
ID69126,1
ID69127,1
ID69128,1
ID69129,0
ID69130,1
ID69131,1
ID69132,0
ID69133,0
ID69134,0
ID69135,1
ID69136,0
ID69137,1
ID69138,1
ID69139,0
ID69140,1
ID69141,0
ID69142,0
ID69143,1
ID69144,1
ID69145,1
ID69146,0
ID69147,0
ID69148,1
ID69149,1
ID69150,1
ID69151,0
ID69152,1
ID69153,1
ID69154,1
ID69155,0
ID69156,1
ID69157,1
ID69158,0
ID69159,1
ID69160,0
ID69161,0
ID69162,0
ID69163,0
ID69164,0
ID69165,1
ID69166,1
ID69167,0
ID69168,0
ID69169,0
ID69170,1
ID69171,1
ID69172,1
ID69173,0
ID69174,1
ID69175,1
ID69176,0
ID69177,1
ID69178,0
ID69179,1
ID69180,1
ID69181,0
ID69182,1
ID69183,1
ID69184,1
ID69185,0
ID69186,1
ID69187,1
ID69188,1
ID69189,1
ID69190,1
ID69191,1
ID69192,0
ID69193,1
ID69194,1
ID69195,0
ID69196,1
ID69197,1
ID69198,0
ID69199,0
ID69200,1
ID69201,1
ID69202,0
ID69203,0
ID69204,1
ID69205,0
ID69206,1
ID69207,1
ID69208,0
ID69209,1
ID69210,1
ID69211,1
ID69212,1
ID69213,1
ID69214,0
ID69215,0
ID69216,1
ID69217,1
ID69218,0
ID69219,0
ID69220,1
ID69221,0
ID69222,1
ID69223,1
ID69224,0
ID69225,1
ID69226,0
ID69227,0
ID69228,1
ID69229,0
ID69230,1
ID69231,0
ID69232,1
ID69233,1
ID69234,1
ID69235,1
ID69236,0
ID69237,1
ID69238,1
ID69239,1
ID69240,1
ID69241,1
ID69242,1
ID69243,1
ID69244,1
ID69245,1
ID69246,0
ID69247,0
ID69248,1
ID69249,1
ID69250,0
ID69251,1
ID69252,1
ID69253,0
ID69254,1
ID69255,1
ID69256,1
ID69257,1
ID69258,1
ID69259,1
ID69260,1
ID69261,1
ID69262,0
ID69263,0
ID69264,0
ID69265,1
ID69266,1
ID69267,1
ID69268,1
ID69269,1
ID69270,1
ID69271,1
ID69272,1
ID69273,0
ID69274,1
ID69275,1
ID69276,0
ID69277,1
ID69278,0
ID69279,1
ID69280,1
ID69281,1
ID69282,1
ID69283,1
ID69284,1
ID69285,1
ID69286,1
ID69287,1
ID69288,1
ID69289,1
ID69290,0
ID69291,1
ID69292,1
ID69293,1
ID69294,0
ID69295,1
ID69296,1
ID69297,1
ID69298,1
ID69299,1
ID69300,0
ID69301,1
ID69302,1
ID69303,0
ID69304,0
ID69305,1
ID69306,1
ID69307,1
ID69308,1
ID69309,1
ID69310,0
ID69311,1
ID69312,1
ID69313,1
ID69314,0
ID69315,1
ID69316,1
ID69317,1
ID69318,1
ID69319,1
ID69320,1
ID69321,1
ID69322,1
ID69323,0
ID69324,1
ID69325,0
ID69326,0
ID69327,0
ID69328,1
ID69329,1
ID69330,1
ID69331,1
ID69332,1
ID69333,1
ID69334,1
ID69335,0
ID69336,0
ID69337,0
ID69338,0
ID69339,1
ID69340,1
ID69341,1
ID69342,0
ID69343,1
ID69344,1
ID69345,1
ID69346,1
ID69347,1
ID69348,1
ID69349,0
ID69350,0
ID69351,0
ID69352,0
ID69353,1
ID69354,1
ID69355,0
ID69356,1
ID69357,1
ID69358,0
ID69359,1
ID69360,0
ID69361,1
ID69362,1
ID69363,1
ID69364,1
ID69365,1
ID69366,1
ID69367,1
ID69368,0
ID69369,1
ID69370,1
ID69371,1
ID69372,1
ID69373,0
ID69374,1
ID69375,0
ID69376,1
ID69377,1
ID69378,0
ID69379,0
ID69380,1
ID69381,0
ID69382,1
ID69383,1
ID69384,0
ID69385,1
ID69386,0
ID69387,1
ID69388,0
ID69389,1
ID69390,1
ID69391,1
ID69392,1
ID69393,0
ID69394,0
ID69395,1
ID69396,0
ID69397,0
ID69398,0
ID69399,1
ID69400,1
ID69401,0
ID69402,1
ID69403,0
ID69404,1
ID69405,1
ID69406,0
ID69407,1
ID69408,0
ID69409,1
ID69410,1
ID69411,0
ID69412,0
ID69413,1
ID69414,1
ID69415,0
ID69416,1
ID69417,1
ID69418,0
ID69419,1
ID69420,1
ID69421,0
ID69422,0
ID69423,1
ID69424,1
ID69425,1
ID69426,1
ID69427,1
ID69428,1
ID69429,0
ID69430,1
ID69431,1
ID69432,0
ID69433,0
ID69434,1
ID69435,0
ID69436,1
ID69437,0
ID69438,0
ID69439,0
ID69440,1
ID69441,1
ID69442,1
ID69443,0
ID69444,1
ID69445,0
ID69446,1
ID69447,0
ID69448,0
ID69449,1
ID69450,1
ID69451,1
ID69452,1
ID69453,1
ID69454,0
ID69455,1
ID69456,1
ID69457,1
ID69458,1
ID69459,0
ID69460,0
ID69461,0
ID69462,1
ID69463,1
ID69464,1
ID69465,0
ID69466,1
ID69467,1
ID69468,1
ID69469,0
ID69470,1
ID69471,0
ID69472,1
ID69473,0
ID69474,1
ID69475,1
ID69476,1
ID69477,0
ID69478,1
ID69479,1
ID69480,0
ID69481,1
ID69482,1
ID69483,1
ID69484,0
ID69485,1
ID69486,0
ID69487,1
ID69488,0
ID69489,0
ID69490,1
ID69491,1
ID69492,1
ID69493,0
ID69494,0
ID69495,1
ID69496,1
ID69497,0
ID69498,1
ID69499,0
ID69500,1
ID69501,1
ID69502,0
ID69503,0
ID69504,1
ID69505,1
ID69506,1
ID69507,0
ID69508,0
ID69509,1
ID69510,1
ID69511,1
ID69512,0
ID69513,1
ID69514,0
ID69515,0
ID69516,1
ID69517,0
ID69518,0
ID69519,1
ID69520,1
ID69521,0
ID69522,1
ID69523,1
ID69524,1
ID69525,0
ID69526,1
ID69527,1
ID69528,0
ID69529,1
ID69530,1
ID69531,0
ID69532,1
ID69533,1
ID69534,0
ID69535,1
ID69536,0
ID69537,1
ID69538,1
ID69539,1
ID69540,0
ID69541,0
ID69542,1
ID69543,1
ID69544,1
ID69545,0
ID69546,1
ID69547,0
ID69548,0
ID69549,1
ID69550,1
ID69551,1
ID69552,1
ID69553,1
ID69554,1
ID69555,1
ID69556,0
ID69557,1
ID69558,0
ID69559,1
ID69560,1
ID69561,0
ID69562,1
ID69563,1
ID69564,1
ID69565,1
ID69566,0
ID69567,0
ID69568,1
ID69569,1
ID69570,1
ID69571,0
ID69572,1
ID69573,0
ID69574,1
ID69575,1
ID69576,1
ID69577,1
ID69578,0
ID69579,0
ID69580,0
ID69581,1
ID69582,1
ID69583,1
ID69584,1
ID69585,1
ID69586,1
ID69587,1
ID69588,0
ID69589,1
ID69590,0
ID69591,1
ID69592,0
ID69593,1
ID69594,1
ID69595,1
ID69596,1
ID69597,0
ID69598,1
ID69599,1
ID69600,1
ID69601,0
ID69602,0
ID69603,1
ID69604,0
ID69605,0
ID69606,0
ID69607,1
ID69608,1
ID69609,1
ID69610,1
ID69611,1
ID69612,1
ID69613,1
ID69614,1
ID69615,0
ID69616,1
ID69617,1
ID69618,0
ID69619,1
ID69620,1
ID69621,1
ID69622,1
ID69623,1
ID69624,1
ID69625,1
ID69626,0
ID69627,0
ID69628,1
ID69629,0
ID69630,1
ID69631,1
ID69632,1
ID69633,0
ID69634,1
ID69635,1
ID69636,1
ID69637,1
ID69638,0
ID69639,1
ID69640,1
ID69641,1
ID69642,1
ID69643,0
ID69644,1
ID69645,0
ID69646,1
ID69647,1
ID69648,0
ID69649,1
ID69650,1
ID69651,1
ID69652,0
ID69653,1
ID69654,1
ID69655,0
ID69656,1
ID69657,1
ID69658,0
ID69659,1
ID69660,1
ID69661,1
ID69662,1
ID69663,1
ID69664,0
ID69665,1
ID69666,1
ID69667,1
ID69668,1
ID69669,0
ID69670,1
ID69671,1
ID69672,0
ID69673,1
ID69674,0
ID69675,1
ID69676,0
ID69677,1
ID69678,0
ID69679,0
ID69680,0
ID69681,1
ID69682,1
ID69683,1
ID69684,1
ID69685,1
ID69686,0
ID69687,1
ID69688,1
ID69689,0
ID69690,1
ID69691,0
ID69692,0
ID69693,0
ID69694,0
ID69695,1
ID69696,0
ID69697,1
ID69698,1
ID69699,1
ID69700,1
ID69701,1
ID69702,0
ID69703,0
ID69704,0
ID69705,1
ID69706,1
ID69707,1
ID69708,1
ID69709,0
ID69710,0
ID69711,1
ID69712,1
ID69713,0
ID69714,1
ID69715,0
ID69716,0
ID69717,0
ID69718,1
ID69719,1
ID69720,1
ID69721,0
ID69722,1
ID69723,0
ID69724,1
ID69725,1
ID69726,1
ID69727,1
ID69728,0
ID69729,1
ID69730,1
ID69731,0
ID69732,1
ID69733,0
ID69734,1
ID69735,1
ID69736,1
ID69737,1
ID69738,1
ID69739,1
ID69740,1
ID69741,0
ID69742,1
ID69743,0
ID69744,1
ID69745,1
ID69746,0
ID69747,1
ID69748,1
ID69749,1
ID69750,1
ID69751,1
ID69752,0
ID69753,1
ID69754,0
ID69755,0
ID69756,0
ID69757,1
ID69758,0
ID69759,1
ID69760,1
ID69761,0
ID69762,1
ID69763,1
ID69764,0
ID69765,0
ID69766,1
ID69767,1
ID69768,0
ID69769,0
ID69770,1
ID69771,0
ID69772,1
ID69773,0
ID69774,1
ID69775,0
ID69776,1
ID69777,0
ID69778,1
ID69779,0
ID69780,1
ID69781,0
ID69782,1
ID69783,1
ID69784,1
ID69785,0
ID69786,1
ID69787,1
ID69788,1
ID69789,1
ID69790,1
ID69791,1
ID69792,1
ID69793,0
ID69794,1
ID69795,1
ID69796,1
ID69797,1
ID69798,1
ID69799,1
ID69800,0
ID69801,0
ID69802,0
ID69803,1
ID69804,1
ID69805,0
ID69806,0
ID69807,0
ID69808,1
ID69809,1
ID69810,1
ID69811,1
ID69812,1
ID69813,1
ID69814,0
ID69815,1
ID69816,1
ID69817,0
ID69818,0
ID69819,0
ID69820,0
ID69821,1
ID69822,1
ID69823,0
ID69824,0
ID69825,0
ID69826,1
ID69827,1
ID69828,1
ID69829,1
ID69830,0
ID69831,1
ID69832,0
ID69833,1
ID69834,1
ID69835,0
ID69836,1
ID69837,1
ID69838,1
ID69839,1
ID69840,1
ID69841,0
ID69842,1
ID69843,0
ID69844,1
ID69845,0
ID69846,1
ID69847,1
ID69848,0
ID69849,1
ID69850,0
ID69851,1
ID69852,1
ID69853,1
ID69854,1
ID69855,1
ID69856,1
ID69857,1
ID69858,0
ID69859,1
ID69860,1
ID69861,1
ID69862,1
ID69863,1
ID69864,0
ID69865,1
ID69866,0
ID69867,1
ID69868,0
ID69869,1
ID69870,1
ID69871,1
ID69872,0
ID69873,0
ID69874,1
ID69875,0
ID69876,1
ID69877,1
ID69878,0
ID69879,1
ID69880,1
ID69881,0
ID69882,1
ID69883,1
ID69884,1
ID69885,1
ID69886,0
ID69887,1
ID69888,1
ID69889,1
ID69890,1
ID69891,1
ID69892,0
ID69893,1
ID69894,1
ID69895,0
ID69896,1
ID69897,0
ID69898,1
ID69899,1
ID69900,0
ID69901,1
ID69902,0
ID69903,1
ID69904,1
ID69905,1
ID69906,1
ID69907,1
ID69908,0
ID69909,1
ID69910,1
ID69911,0
ID69912,1
ID69913,1
ID69914,0
ID69915,1
ID69916,1
ID69917,1
ID69918,1
ID69919,0
ID69920,1
ID69921,1
ID69922,1
ID69923,1
ID69924,1
ID69925,1
ID69926,0
ID69927,1
ID69928,0
ID69929,1
ID69930,0
ID69931,1
ID69932,1
ID69933,0
ID69934,1
ID69935,1
ID69936,1
ID69937,1
ID69938,0
ID69939,1
ID69940,1
ID69941,1
ID69942,1
ID69943,0
ID69944,0
ID69945,1
ID69946,1
ID69947,1
ID69948,0
ID69949,1
ID69950,0
ID69951,1
ID69952,1
ID69953,1
ID69954,0
ID69955,1
ID69956,0
ID69957,1
ID69958,0
ID69959,1
ID69960,1
ID69961,1
ID69962,0
ID69963,1
ID69964,1
ID69965,1
ID69966,1
ID69967,0
ID69968,1
ID69969,1
ID69970,0
ID69971,1
ID69972,1
ID69973,1
ID69974,1
ID69975,0
ID69976,1
ID69977,1
ID69978,1
ID69979,0
ID69980,1
ID69981,1
ID69982,0
ID69983,1
ID69984,1
ID69985,0
ID69986,1
ID69987,1
ID69988,1
ID69989,0
ID69990,1
ID69991,1
ID69992,1
ID69993,1
ID69994,1
ID69995,1
ID69996,0
ID69997,1
ID69998,0
ID69999,0
ID70000,1
ID70001,1
ID70002,1
ID70003,1
ID70004,0
ID70005,0
ID70006,0
ID70007,1
ID70008,1
ID70009,0
ID70010,1
ID70011,0
ID70012,1
ID70013,1
ID70014,1
ID70015,1
ID70016,1
ID70017,1
ID70018,0
ID70019,1
ID70020,1
ID70021,1
ID70022,1
ID70023,0
ID70024,1
ID70025,1
ID70026,1
ID70027,0
ID70028,0
ID70029,1
ID70030,1
ID70031,0
ID70032,1
ID70033,1
ID70034,0
ID70035,0
ID70036,0
ID70037,0
ID70038,1
ID70039,0
ID70040,1
ID70041,0
ID70042,0
ID70043,1
ID70044,1
ID70045,1
ID70046,0
ID70047,0
ID70048,1
ID70049,0
ID70050,1
ID70051,1
ID70052,1
ID70053,0
ID70054,0
ID70055,0
ID70056,1
ID70057,1
ID70058,1
ID70059,1
ID70060,0
ID70061,1
ID70062,0
ID70063,0
ID70064,1
ID70065,1
ID70066,0
ID70067,1
ID70068,1
ID70069,0
ID70070,1
ID70071,1
ID70072,1
ID70073,1
ID70074,0
ID70075,1
ID70076,1
ID70077,0
ID70078,0
ID70079,0
ID70080,1
ID70081,1
ID70082,1
ID70083,0
ID70084,1
ID70085,1
ID70086,1
ID70087,1
ID70088,0
ID70089,0
ID70090,1
ID70091,1
ID70092,1
ID70093,1
ID70094,1
ID70095,0
ID70096,0
ID70097,1
ID70098,0
ID70099,1
ID70100,0
ID70101,1
ID70102,1
ID70103,1
ID70104,1
ID70105,1
ID70106,1
ID70107,1
ID70108,1
ID70109,1
ID70110,1
ID70111,0
ID70112,1
ID70113,1
ID70114,0
ID70115,0
ID70116,0
ID70117,0
ID70118,0
ID70119,1
ID70120,1
ID70121,1
ID70122,0
ID70123,0
ID70124,1
ID70125,1
ID70126,1
ID70127,0
ID70128,0
ID70129,1
ID70130,0
ID70131,0
ID70132,1
ID70133,1
ID70134,0
ID70135,1
ID70136,0
ID70137,1
ID70138,1
ID70139,1
ID70140,1
ID70141,1
ID70142,0
ID70143,1
ID70144,1
ID70145,1
ID70146,1
ID70147,0
ID70148,1
ID70149,0
ID70150,1
ID70151,1
ID70152,1
ID70153,0
ID70154,1
ID70155,1
ID70156,1
ID70157,0
ID70158,1
ID70159,1
ID70160,0
ID70161,0
ID70162,1
ID70163,0
ID70164,1
ID70165,1
ID70166,1
ID70167,0
ID70168,1
ID70169,1
ID70170,0
ID70171,1
ID70172,1
ID70173,1
ID70174,1
ID70175,1
ID70176,0
ID70177,0
ID70178,0
ID70179,1
ID70180,1
ID70181,1
ID70182,0
ID70183,0
ID70184,1
ID70185,0
ID70186,1
ID70187,0
ID70188,1
ID70189,0
ID70190,1
ID70191,0
ID70192,1
ID70193,1
ID70194,1
ID70195,1
ID70196,0
ID70197,1
ID70198,0
ID70199,1
ID70200,1
ID70201,1
ID70202,1
ID70203,0
ID70204,1
ID70205,0
ID70206,1
ID70207,1
ID70208,1
ID70209,0
ID70210,1
ID70211,1
ID70212,1
ID70213,1
ID70214,1
ID70215,1
ID70216,1
ID70217,1
ID70218,1
ID70219,0
ID70220,1
ID70221,1
ID70222,1
ID70223,1
ID70224,1
ID70225,1
ID70226,1
ID70227,1
ID70228,0
ID70229,0
ID70230,0
ID70231,1
ID70232,0
ID70233,1
ID70234,1
ID70235,1
ID70236,1
ID70237,1
ID70238,0
ID70239,1
ID70240,1
ID70241,1
ID70242,1
ID70243,0
ID70244,1
ID70245,1
ID70246,1
ID70247,1
ID70248,0
ID70249,0
ID70250,0
ID70251,1
ID70252,0
ID70253,1
ID70254,0
ID70255,1
ID70256,1
ID70257,1
ID70258,1
ID70259,0
ID70260,1
ID70261,0
ID70262,1
ID70263,1
ID70264,1
ID70265,1
ID70266,1
ID70267,0
ID70268,0
ID70269,1
ID70270,0
ID70271,1
ID70272,0
ID70273,1
ID70274,0
ID70275,1
ID70276,1
ID70277,0
ID70278,1
ID70279,1
ID70280,1
ID70281,0
ID70282,1
ID70283,0
ID70284,1
ID70285,1
ID70286,1
ID70287,1
ID70288,0
ID70289,1
ID70290,0
ID70291,0
ID70292,1
ID70293,1
ID70294,1
ID70295,0
ID70296,1
ID70297,1
ID70298,0
ID70299,0
ID70300,1
ID70301,0
ID70302,1
ID70303,1
ID70304,0
ID70305,1
ID70306,1
ID70307,1
ID70308,0
ID70309,1
ID70310,1
ID70311,1
ID70312,0
ID70313,1
ID70314,1
ID70315,1
ID70316,1
ID70317,0
ID70318,1
ID70319,1
ID70320,1
ID70321,1
ID70322,1
ID70323,0
ID70324,1
ID70325,0
ID70326,1
ID70327,1
ID70328,1
ID70329,1
ID70330,1
ID70331,0
ID70332,0
ID70333,0
ID70334,1
ID70335,0
ID70336,0
ID70337,0
ID70338,1
ID70339,0
ID70340,0
ID70341,1
ID70342,0
ID70343,1
ID70344,1
ID70345,1
ID70346,1
ID70347,1
ID70348,1
ID70349,0
ID70350,1
ID70351,1
ID70352,0
ID70353,1
ID70354,1
ID70355,0
ID70356,1
ID70357,0
ID70358,1
ID70359,1
ID70360,1
ID70361,1
ID70362,0
ID70363,1
ID70364,1
ID70365,0
ID70366,1
ID70367,0
ID70368,1
ID70369,1
ID70370,1
ID70371,1
ID70372,0
ID70373,1
ID70374,1
ID70375,0
ID70376,0
ID70377,1
ID70378,0
ID70379,1
ID70380,0
ID70381,1
ID70382,0
ID70383,1
ID70384,0
ID70385,1
ID70386,1
ID70387,1
ID70388,1
ID70389,1
ID70390,1
ID70391,0
ID70392,1
ID70393,1
ID70394,0
ID70395,1
ID70396,0
ID70397,0
ID70398,1
ID70399,1
ID70400,1
ID70401,1
ID70402,1
ID70403,1
ID70404,1
ID70405,0
ID70406,1
ID70407,1
ID70408,0
ID70409,0
ID70410,0
ID70411,0
ID70412,1
ID70413,1
ID70414,0
ID70415,1
ID70416,1
ID70417,0
ID70418,0
ID70419,1
ID70420,0
ID70421,1
ID70422,0
ID70423,1
ID70424,1
ID70425,1
ID70426,1
ID70427,1
ID70428,1
ID70429,1
ID70430,1
ID70431,1
ID70432,0
ID70433,1
ID70434,1
ID70435,1
ID70436,1
ID70437,1
ID70438,1
ID70439,1
ID70440,1
ID70441,1
ID70442,1
ID70443,1
ID70444,1
ID70445,1
ID70446,0
ID70447,1
ID70448,0
ID70449,1
ID70450,1
ID70451,0
ID70452,1
ID70453,1
ID70454,0
ID70455,1
ID70456,1
ID70457,1
ID70458,1
ID70459,1
ID70460,1
ID70461,0
ID70462,1
ID70463,1
ID70464,0
ID70465,0
ID70466,0
ID70467,0
ID70468,0
ID70469,1
ID70470,1
ID70471,0
ID70472,1
ID70473,0
ID70474,1
ID70475,1
ID70476,0
ID70477,1
ID70478,0
ID70479,1
ID70480,0
ID70481,1
ID70482,0
ID70483,1
ID70484,1
ID70485,1
ID70486,1
ID70487,1
ID70488,1
ID70489,0
ID70490,1
ID70491,0
ID70492,1
ID70493,1
ID70494,0
ID70495,0
ID70496,1
ID70497,1
ID70498,1
ID70499,1
ID70500,1
ID70501,1
ID70502,1
ID70503,0
ID70504,0
ID70505,0
ID70506,0
ID70507,1
ID70508,1
ID70509,0
ID70510,0
ID70511,0
ID70512,1
ID70513,0
ID70514,0
ID70515,0
ID70516,0
ID70517,0
ID70518,1
ID70519,1
ID70520,0
ID70521,1
ID70522,1
ID70523,0
ID70524,1
ID70525,1
ID70526,1
ID70527,1
ID70528,1
ID70529,0
ID70530,0
ID70531,1
ID70532,1
ID70533,1
ID70534,0
ID70535,1
ID70536,1
ID70537,0
ID70538,0
ID70539,1
ID70540,1
ID70541,1
ID70542,1
ID70543,1
ID70544,1
ID70545,1
ID70546,1
ID70547,0
ID70548,1
ID70549,0
ID70550,0
ID70551,1
ID70552,1
ID70553,1
ID70554,1
ID70555,0
ID70556,1
ID70557,0
ID70558,1
ID70559,1
ID70560,1
ID70561,0
ID70562,1
ID70563,1
ID70564,1
ID70565,0
ID70566,1
ID70567,1
ID70568,1
ID70569,0
ID70570,1
ID70571,0
ID70572,0
ID70573,0
ID70574,1
ID70575,1
ID70576,1
ID70577,1
ID70578,0
ID70579,0
ID70580,0
ID70581,1
ID70582,1
ID70583,1
ID70584,0
ID70585,0
ID70586,1
ID70587,1
ID70588,1
ID70589,1
ID70590,1
ID70591,0
ID70592,1
ID70593,1
ID70594,1
ID70595,1
ID70596,1
ID70597,1
ID70598,1
ID70599,1
ID70600,0
ID70601,0
ID70602,1
ID70603,1
ID70604,0
ID70605,1
ID70606,0
ID70607,0
ID70608,1
ID70609,1
ID70610,0
ID70611,0
ID70612,1
ID70613,1
ID70614,0
ID70615,1
ID70616,1
ID70617,1
ID70618,1
ID70619,1
ID70620,0
ID70621,0
ID70622,1
ID70623,0
ID70624,1
ID70625,1
ID70626,1
ID70627,1
ID70628,0
ID70629,1
ID70630,0
ID70631,1
ID70632,1
ID70633,1
ID70634,0
ID70635,1
ID70636,0
ID70637,1
ID70638,1
ID70639,1
ID70640,1
ID70641,0
ID70642,1
ID70643,1
ID70644,1
ID70645,1
ID70646,0
ID70647,0
ID70648,0
ID70649,0
ID70650,1
ID70651,1
ID70652,1
ID70653,1
ID70654,1
ID70655,1
ID70656,1
ID70657,0
ID70658,1
ID70659,1
ID70660,1
ID70661,1
ID70662,0
ID70663,1
ID70664,1
ID70665,0
ID70666,1
ID70667,1
ID70668,1
ID70669,0
ID70670,1
ID70671,1
ID70672,1
ID70673,0
ID70674,1
ID70675,1
ID70676,1
ID70677,0
ID70678,1
ID70679,1
ID70680,1
ID70681,1
ID70682,0
ID70683,0
ID70684,0
ID70685,0
ID70686,1
ID70687,0
ID70688,1
ID70689,1
ID70690,1
ID70691,0
ID70692,0
ID70693,1
ID70694,1
ID70695,1
ID70696,1
ID70697,0
ID70698,1
ID70699,0
ID70700,1
ID70701,0
ID70702,1
ID70703,1
ID70704,1
ID70705,0
ID70706,0
ID70707,1
ID70708,1
ID70709,1
ID70710,1
ID70711,0
ID70712,1
ID70713,1
ID70714,0
ID70715,0
ID70716,0
ID70717,0
ID70718,0
ID70719,1
ID70720,1
ID70721,1
ID70722,1
ID70723,0
ID70724,0
ID70725,1
ID70726,0
ID70727,1
ID70728,0
ID70729,1
ID70730,1
ID70731,1
ID70732,1
ID70733,1
ID70734,1
ID70735,0
ID70736,1
ID70737,1
ID70738,1
ID70739,0
ID70740,0
ID70741,0
ID70742,1
ID70743,1
ID70744,1
ID70745,0
ID70746,0
ID70747,1
ID70748,1
ID70749,0
ID70750,1
ID70751,1
ID70752,0
ID70753,1
ID70754,1
ID70755,0
ID70756,0
ID70757,1
ID70758,0
ID70759,0
ID70760,0
ID70761,1
ID70762,1
ID70763,0
ID70764,1
ID70765,1
ID70766,1
ID70767,1
ID70768,1
ID70769,0
ID70770,1
ID70771,1
ID70772,1
ID70773,0
ID70774,1
ID70775,1
ID70776,0
ID70777,1
ID70778,0
ID70779,1
ID70780,1
ID70781,1
ID70782,1
ID70783,0
ID70784,1
ID70785,0
ID70786,0
ID70787,1
ID70788,1
ID70789,1
ID70790,1
ID70791,1
ID70792,1
ID70793,1
ID70794,1
ID70795,1
ID70796,1
ID70797,0
ID70798,1
ID70799,0
ID70800,0
ID70801,1
ID70802,1
ID70803,1
ID70804,1
ID70805,1
ID70806,1
ID70807,1
ID70808,1
ID70809,1
ID70810,0
ID70811,1
ID70812,0
ID70813,1
ID70814,1
ID70815,1
ID70816,1
ID70817,1
ID70818,1
ID70819,1
ID70820,1
ID70821,1
ID70822,1
ID70823,1
ID70824,1
ID70825,1
ID70826,0
ID70827,1
ID70828,0
ID70829,0
ID70830,0
ID70831,1
ID70832,0
ID70833,1
ID70834,1
ID70835,0
ID70836,1
ID70837,0
ID70838,1
ID70839,1
ID70840,1
ID70841,0
ID70842,1
ID70843,1
ID70844,0
ID70845,1
ID70846,1
ID70847,1
ID70848,0
ID70849,1
ID70850,1
ID70851,1
ID70852,1
ID70853,0
ID70854,0
ID70855,1
ID70856,1
ID70857,1
ID70858,1
ID70859,0
ID70860,0
ID70861,1
ID70862,0
ID70863,1
ID70864,1
ID70865,1
ID70866,0
ID70867,1
ID70868,1
ID70869,0
ID70870,1
ID70871,1
ID70872,0
ID70873,1
ID70874,1
ID70875,1
ID70876,0
ID70877,1
ID70878,1
ID70879,1
ID70880,1
ID70881,0
ID70882,1
ID70883,0
ID70884,0
ID70885,1
ID70886,0
ID70887,0
ID70888,1
ID70889,0
ID70890,0
ID70891,1
ID70892,1
ID70893,1
ID70894,1
ID70895,0
ID70896,1
ID70897,1
ID70898,0
ID70899,1
ID70900,1
ID70901,0
ID70902,0
ID70903,1
ID70904,1
ID70905,1
ID70906,1
ID70907,0
ID70908,1
ID70909,0
ID70910,1
ID70911,1
ID70912,0
ID70913,1
ID70914,1
ID70915,0
ID70916,1
ID70917,1
ID70918,0
ID70919,1
ID70920,1
ID70921,0
ID70922,0
ID70923,0
ID70924,0
ID70925,0
ID70926,1
ID70927,0
ID70928,1
ID70929,1
ID70930,1
ID70931,1
ID70932,1
ID70933,1
ID70934,1
ID70935,0
ID70936,1
ID70937,1
ID70938,1
ID70939,1
ID70940,0
ID70941,1
ID70942,1
ID70943,0
ID70944,1
ID70945,0
ID70946,0
ID70947,1
ID70948,1
ID70949,1
ID70950,1
ID70951,0
ID70952,1
ID70953,1
ID70954,1
ID70955,1
ID70956,1
ID70957,1
ID70958,1
ID70959,1
ID70960,0
ID70961,1
ID70962,0
ID70963,0
ID70964,1
ID70965,1
ID70966,0
ID70967,1
ID70968,1
ID70969,1
ID70970,0
ID70971,0
ID70972,1
ID70973,0
ID70974,0
ID70975,1
ID70976,1
ID70977,1
ID70978,1
ID70979,1
ID70980,0
ID70981,0
ID70982,0
ID70983,0
ID70984,1
ID70985,1
ID70986,0
ID70987,1
ID70988,1
ID70989,1
ID70990,1
ID70991,1
ID70992,1
ID70993,1
ID70994,0
ID70995,0
ID70996,1
ID70997,0
ID70998,1
ID70999,1
ID71000,1
ID71001,1
ID71002,1
ID71003,1
ID71004,1
ID71005,1
ID71006,0
ID71007,0
ID71008,1
ID71009,1
ID71010,0
ID71011,0
ID71012,0
ID71013,1
ID71014,0
ID71015,1
ID71016,0
ID71017,1
ID71018,1
ID71019,1
ID71020,0
ID71021,0
ID71022,0
ID71023,1
ID71024,1
ID71025,1
ID71026,1
ID71027,0
ID71028,0
ID71029,1
ID71030,1
ID71031,1
ID71032,1
ID71033,1
ID71034,1
ID71035,1
ID71036,1
ID71037,1
ID71038,1
ID71039,1
ID71040,1
ID71041,1
ID71042,1
ID71043,1
ID71044,0
ID71045,1
ID71046,0
ID71047,1
ID71048,0
ID71049,0
ID71050,1
ID71051,1
ID71052,1
ID71053,1
ID71054,1
ID71055,0
ID71056,1
ID71057,1
ID71058,1
ID71059,1
ID71060,0
ID71061,1
ID71062,1
ID71063,1
ID71064,1
ID71065,1
ID71066,1
ID71067,1
ID71068,0
ID71069,1
ID71070,1
ID71071,0
ID71072,1
ID71073,1
ID71074,1
ID71075,0
ID71076,1
ID71077,1
ID71078,1
ID71079,0
ID71080,1
ID71081,1
ID71082,1
ID71083,1
ID71084,1
ID71085,1
ID71086,0
ID71087,0
ID71088,1
ID71089,0
ID71090,1
ID71091,0
ID71092,0
ID71093,1
ID71094,1
ID71095,1
ID71096,1
ID71097,1
ID71098,1
ID71099,0
ID71100,0
ID71101,1
ID71102,0
ID71103,1
ID71104,1
ID71105,1
ID71106,1
ID71107,1
ID71108,1
ID71109,1
ID71110,0
ID71111,1
ID71112,1
ID71113,1
ID71114,1
ID71115,1
ID71116,0
ID71117,1
ID71118,0
ID71119,0
ID71120,0
ID71121,1
ID71122,0
ID71123,1
ID71124,0
ID71125,1
ID71126,0
ID71127,1
ID71128,1
ID71129,0
ID71130,1
ID71131,1
ID71132,1
ID71133,1
ID71134,0
ID71135,1
ID71136,1
ID71137,1
ID71138,0
ID71139,1
ID71140,1
ID71141,0
ID71142,1
ID71143,1
ID71144,1
ID71145,1
ID71146,0
ID71147,0
ID71148,0
ID71149,1
ID71150,1
ID71151,1
ID71152,1
ID71153,0
ID71154,0
ID71155,1
ID71156,1
ID71157,1
ID71158,1
ID71159,1
ID71160,0
ID71161,1
ID71162,1
ID71163,0
ID71164,1
ID71165,1
ID71166,0
ID71167,1
ID71168,1
ID71169,0
ID71170,1
ID71171,0
ID71172,1
ID71173,0
ID71174,0
ID71175,1
ID71176,0
ID71177,1
ID71178,1
ID71179,1
ID71180,0
ID71181,0
ID71182,0
ID71183,1
ID71184,0
ID71185,0
ID71186,0
ID71187,1
ID71188,1
ID71189,0
ID71190,1
ID71191,0
ID71192,0
ID71193,1
ID71194,1
ID71195,1
ID71196,1
ID71197,1
ID71198,1
ID71199,1
ID71200,0
ID71201,1
ID71202,1
ID71203,1
ID71204,1
ID71205,0
ID71206,1
ID71207,0
ID71208,1
ID71209,0
ID71210,1
ID71211,0
ID71212,1
ID71213,1
ID71214,0
ID71215,1
ID71216,0
ID71217,1
ID71218,0
ID71219,0
ID71220,0
ID71221,1
ID71222,1
ID71223,1
ID71224,0
ID71225,1
ID71226,0
ID71227,1
ID71228,0
ID71229,1
ID71230,1
ID71231,0
ID71232,1
ID71233,0
ID71234,1
ID71235,1
ID71236,1
ID71237,1
ID71238,1
ID71239,0
ID71240,1
ID71241,0
ID71242,1
ID71243,1
ID71244,1
ID71245,1
ID71246,1
ID71247,0
ID71248,0
ID71249,1
ID71250,1
ID71251,1
ID71252,1
ID71253,1
ID71254,1
ID71255,1
ID71256,0
ID71257,1
ID71258,0
ID71259,1
ID71260,1
ID71261,0
ID71262,1
ID71263,0
ID71264,1
ID71265,1
ID71266,1
ID71267,0
ID71268,0
ID71269,1
ID71270,0
ID71271,1
ID71272,1
ID71273,1
ID71274,0
ID71275,0
ID71276,0
ID71277,0
ID71278,1
ID71279,0
ID71280,0
ID71281,0
ID71282,1
ID71283,1
ID71284,0
ID71285,1
ID71286,0
ID71287,1
ID71288,1
ID71289,0
ID71290,0
ID71291,1
ID71292,1
ID71293,1
ID71294,1
ID71295,1
ID71296,1
ID71297,1
ID71298,0
ID71299,1
ID71300,1
ID71301,1
ID71302,1
ID71303,0
ID71304,1
ID71305,0
ID71306,1
ID71307,1
ID71308,0
ID71309,0
ID71310,1
ID71311,1
ID71312,1
ID71313,1
ID71314,0
ID71315,1
ID71316,1
ID71317,1
ID71318,1
ID71319,1
ID71320,1
ID71321,1
ID71322,1
ID71323,1
ID71324,1
ID71325,1
ID71326,1
ID71327,1
ID71328,1
ID71329,1
ID71330,0
ID71331,1
ID71332,1
ID71333,1
ID71334,1
ID71335,1
ID71336,1
ID71337,1
ID71338,0
ID71339,1
ID71340,0
ID71341,0
ID71342,0
ID71343,1
ID71344,1
ID71345,0
ID71346,1
ID71347,1
ID71348,1
ID71349,1
ID71350,1
ID71351,0
ID71352,1
ID71353,0
ID71354,1
ID71355,1
ID71356,0
ID71357,1
ID71358,1
ID71359,1
ID71360,1
ID71361,0
ID71362,0
ID71363,1
ID71364,0
ID71365,1
ID71366,0
ID71367,0
ID71368,1
ID71369,1
ID71370,1
ID71371,0
ID71372,1
ID71373,1
ID71374,1
ID71375,0
ID71376,1
ID71377,0
ID71378,0
ID71379,1
ID71380,1
ID71381,1
ID71382,1
ID71383,1
ID71384,1
ID71385,1
ID71386,1
ID71387,1
ID71388,0
ID71389,1
ID71390,1
ID71391,1
ID71392,1
ID71393,0
ID71394,1
ID71395,0
ID71396,1
ID71397,1
ID71398,1
ID71399,1
ID71400,1
ID71401,1
ID71402,1
ID71403,0
ID71404,1
ID71405,1
ID71406,1
ID71407,1
ID71408,1
ID71409,1
ID71410,0
ID71411,0
ID71412,0
ID71413,1
ID71414,0
ID71415,1
ID71416,1
ID71417,0
ID71418,1
ID71419,1
ID71420,1
ID71421,1
ID71422,0
ID71423,1
ID71424,1
ID71425,0
ID71426,1
ID71427,0
ID71428,1
ID71429,1
ID71430,1
ID71431,0
ID71432,1
ID71433,1
ID71434,1
ID71435,1
ID71436,1
ID71437,0
ID71438,1
ID71439,0
ID71440,1
ID71441,0
ID71442,1
ID71443,1
ID71444,1
ID71445,1
ID71446,1
ID71447,1
ID71448,1
ID71449,0
ID71450,1
ID71451,1
ID71452,0
ID71453,1
ID71454,1
ID71455,1
ID71456,1
ID71457,1
ID71458,1
ID71459,1
ID71460,1
ID71461,0
ID71462,1
ID71463,0
ID71464,1
ID71465,0
ID71466,1
ID71467,0
ID71468,1
ID71469,1
ID71470,1
ID71471,1
ID71472,1
ID71473,1
ID71474,1
ID71475,1
ID71476,1
ID71477,1
ID71478,0
ID71479,1
ID71480,0
ID71481,0
ID71482,0
ID71483,1
ID71484,1
ID71485,1
ID71486,0
ID71487,0
ID71488,0
ID71489,0
ID71490,0
ID71491,1
ID71492,1
ID71493,0
ID71494,0
ID71495,1
ID71496,1
ID71497,0
ID71498,1
ID71499,0
ID71500,0
ID71501,0
ID71502,0
ID71503,1
ID71504,1
ID71505,1
ID71506,1
ID71507,0
ID71508,0
ID71509,1
ID71510,0
ID71511,1
ID71512,1
ID71513,0
ID71514,1
ID71515,0
ID71516,0
ID71517,1
ID71518,1
ID71519,0
ID71520,1
ID71521,1
ID71522,0
ID71523,1
ID71524,1
ID71525,0
ID71526,0
ID71527,1
ID71528,1
ID71529,0
ID71530,1
ID71531,1
ID71532,1
ID71533,1
ID71534,0
ID71535,0
ID71536,1
ID71537,1
ID71538,0
ID71539,1
ID71540,1
ID71541,1
ID71542,1
ID71543,0
ID71544,0
ID71545,1
ID71546,0
ID71547,1
ID71548,0
ID71549,0
ID71550,1
ID71551,0
ID71552,1
ID71553,0
ID71554,0
ID71555,1
ID71556,1
ID71557,0
ID71558,1
ID71559,0
ID71560,1
ID71561,1
ID71562,1
ID71563,1
ID71564,1
ID71565,1
ID71566,1
ID71567,1
ID71568,0
ID71569,1
ID71570,1
ID71571,1
ID71572,0
ID71573,0
ID71574,1
ID71575,0
ID71576,1
ID71577,1
ID71578,1
ID71579,0
ID71580,1
ID71581,1
ID71582,1
ID71583,1
ID71584,1
ID71585,1
ID71586,1
ID71587,1
ID71588,1
ID71589,1
ID71590,0
ID71591,1
ID71592,1
ID71593,1
ID71594,1
ID71595,1
ID71596,1
ID71597,1
ID71598,1
ID71599,1
ID71600,0
ID71601,0
ID71602,1
ID71603,0
ID71604,0
ID71605,1
ID71606,0
ID71607,1
ID71608,1
ID71609,1
ID71610,1
ID71611,1
ID71612,1
ID71613,1
ID71614,1
ID71615,1
ID71616,0
ID71617,0
ID71618,1
ID71619,1
ID71620,1
ID71621,0
ID71622,0
ID71623,0
ID71624,1
ID71625,1
ID71626,1
ID71627,0
ID71628,0
ID71629,1
ID71630,1
ID71631,1
ID71632,0
ID71633,0
ID71634,0
ID71635,1
ID71636,0
ID71637,0
ID71638,1
ID71639,0
ID71640,0
ID71641,1
ID71642,0
ID71643,1
ID71644,1
ID71645,1
ID71646,1
ID71647,1
ID71648,1
ID71649,1
ID71650,1
ID71651,1
ID71652,1
ID71653,1
ID71654,0
ID71655,0
ID71656,1
ID71657,0
ID71658,0
ID71659,1
ID71660,0
ID71661,1
ID71662,1
ID71663,1
ID71664,1
ID71665,1
ID71666,1
ID71667,1
ID71668,1
ID71669,0
ID71670,1
ID71671,1
ID71672,1
ID71673,0
ID71674,1
ID71675,1
ID71676,0
ID71677,1
ID71678,1
ID71679,0
ID71680,1
ID71681,0
ID71682,0
ID71683,0
ID71684,1
ID71685,1
ID71686,1
ID71687,1
ID71688,0
ID71689,1
ID71690,1
ID71691,0
ID71692,1
ID71693,0
ID71694,0
ID71695,1
ID71696,1
ID71697,1
ID71698,0
ID71699,1
ID71700,1
ID71701,1
ID71702,1
ID71703,0
ID71704,0
ID71705,1
ID71706,1
ID71707,0
ID71708,0
ID71709,1
ID71710,1
ID71711,1
ID71712,1
ID71713,0
ID71714,0
ID71715,1
ID71716,1
ID71717,1
ID71718,1
ID71719,1
ID71720,1
ID71721,1
ID71722,0
ID71723,1
ID71724,1
ID71725,0
ID71726,0
ID71727,1
ID71728,1
ID71729,0
ID71730,1
ID71731,1
ID71732,1
ID71733,0
ID71734,0
ID71735,1
ID71736,1
ID71737,0
ID71738,1
ID71739,1
ID71740,0
ID71741,0
ID71742,1
ID71743,0
ID71744,1
ID71745,1
ID71746,1
ID71747,1
ID71748,0
ID71749,1
ID71750,1
ID71751,1
ID71752,0
ID71753,0
ID71754,1
ID71755,1
ID71756,1
ID71757,1
ID71758,1
ID71759,0
ID71760,0
ID71761,0
ID71762,1
ID71763,1
ID71764,1
ID71765,1
ID71766,1
ID71767,1
ID71768,1
ID71769,1
ID71770,0
ID71771,1
ID71772,1
ID71773,1
ID71774,0
ID71775,0
ID71776,0
ID71777,0
ID71778,1
ID71779,1
ID71780,1
ID71781,0
ID71782,0
ID71783,1
ID71784,1
ID71785,1
ID71786,0
ID71787,0
ID71788,0
ID71789,0
ID71790,1
ID71791,1
ID71792,1
ID71793,1
ID71794,0
ID71795,1
ID71796,1
ID71797,1
ID71798,1
ID71799,1
ID71800,1
ID71801,1
ID71802,1
ID71803,1
ID71804,0
ID71805,1
ID71806,1
ID71807,1
ID71808,1
ID71809,1
ID71810,1
ID71811,1
ID71812,0
ID71813,1
ID71814,1
ID71815,0
ID71816,1
ID71817,1
ID71818,0
ID71819,1
ID71820,1
ID71821,1
ID71822,1
ID71823,0
ID71824,0
ID71825,1
ID71826,0
ID71827,1
ID71828,1
ID71829,1
ID71830,1
ID71831,1
ID71832,0
ID71833,0
ID71834,1
ID71835,0
ID71836,0
ID71837,1
ID71838,0
ID71839,1
ID71840,1
ID71841,1
ID71842,0
ID71843,1
ID71844,0
ID71845,1
ID71846,0
ID71847,1
ID71848,0
ID71849,1
ID71850,1
ID71851,0
ID71852,0
ID71853,1
ID71854,0
ID71855,1
ID71856,1
ID71857,1
ID71858,1
ID71859,0
ID71860,1
ID71861,1
ID71862,0
ID71863,0
ID71864,1
ID71865,0
ID71866,1
ID71867,0
ID71868,1
ID71869,0
ID71870,0
ID71871,1
ID71872,0
ID71873,1
ID71874,0
ID71875,0
ID71876,1
ID71877,0
ID71878,1
ID71879,1
ID71880,1
ID71881,1
ID71882,1
ID71883,0
ID71884,1
ID71885,1
ID71886,1
ID71887,1
ID71888,0
ID71889,1
ID71890,1
ID71891,1
ID71892,1
ID71893,0
ID71894,0
ID71895,1
ID71896,1
ID71897,1
ID71898,1
ID71899,0
ID71900,0
ID71901,1
ID71902,0
ID71903,1
ID71904,1
ID71905,1
ID71906,0
ID71907,1
ID71908,1
ID71909,0
ID71910,1
ID71911,1
ID71912,0
ID71913,0
ID71914,1
ID71915,1
ID71916,0
ID71917,1
ID71918,1
ID71919,1
ID71920,0
ID71921,0
ID71922,1
ID71923,1
ID71924,1
ID71925,1
ID71926,0
ID71927,1
ID71928,0
ID71929,1
ID71930,0
ID71931,1
ID71932,1
ID71933,1
ID71934,0
ID71935,1
ID71936,1
ID71937,0
ID71938,0
ID71939,1
ID71940,0
ID71941,1
ID71942,0
ID71943,1
ID71944,1
ID71945,0
ID71946,0
ID71947,0
ID71948,1
ID71949,0
ID71950,1
ID71951,0
ID71952,1
ID71953,0
ID71954,1
ID71955,1
ID71956,1
ID71957,1
ID71958,1
ID71959,1
ID71960,1
ID71961,0
ID71962,0
ID71963,1
ID71964,1
ID71965,1
ID71966,0
ID71967,1
ID71968,1
ID71969,1
ID71970,0
ID71971,1
ID71972,1
ID71973,1
ID71974,0
ID71975,1
ID71976,1
ID71977,1
ID71978,0
ID71979,1
ID71980,1
ID71981,1
ID71982,1
ID71983,0
ID71984,0
ID71985,1
ID71986,1
ID71987,0
ID71988,1
ID71989,0
ID71990,0
ID71991,0
ID71992,1
ID71993,1
ID71994,1
ID71995,1
ID71996,1
ID71997,1
ID71998,1
ID71999,0
ID72000,1
ID72001,1
ID72002,1
ID72003,1
ID72004,0
ID72005,1
ID72006,1
ID72007,1
ID72008,0
ID72009,1
ID72010,1
ID72011,1
ID72012,1
ID72013,1
ID72014,1
ID72015,0
ID72016,1
ID72017,0
ID72018,1
ID72019,1
ID72020,1
ID72021,0
ID72022,1
ID72023,1
ID72024,0
ID72025,1
ID72026,1
ID72027,1
ID72028,1
ID72029,1
ID72030,1
ID72031,0
ID72032,1
ID72033,1
ID72034,1
ID72035,1
ID72036,1
ID72037,1
ID72038,1
ID72039,0
ID72040,0
ID72041,1
ID72042,1
ID72043,0
ID72044,0
ID72045,0
ID72046,1
ID72047,0
ID72048,1
ID72049,0
ID72050,1
ID72051,1
ID72052,1
ID72053,1
ID72054,1
ID72055,1
ID72056,1
ID72057,1
ID72058,0
ID72059,1
ID72060,1
ID72061,0
ID72062,1
ID72063,0
ID72064,0
ID72065,0
ID72066,1
ID72067,0
ID72068,1
ID72069,1
ID72070,0
ID72071,1
ID72072,0
ID72073,0
ID72074,0
ID72075,1
ID72076,1
ID72077,0
ID72078,0
ID72079,1
ID72080,1
ID72081,1
ID72082,1
ID72083,1
ID72084,1
ID72085,1
ID72086,0
ID72087,1
ID72088,0
ID72089,1
ID72090,0
ID72091,1
ID72092,1
ID72093,1
ID72094,1
ID72095,1
ID72096,0
ID72097,0
ID72098,1
ID72099,0
ID72100,1
ID72101,0
ID72102,1
ID72103,0
ID72104,1
ID72105,1
ID72106,1
ID72107,1
ID72108,0
ID72109,1
ID72110,0
ID72111,1
ID72112,1
ID72113,1
ID72114,0
ID72115,1
ID72116,0
ID72117,1
ID72118,1
ID72119,1
ID72120,1
ID72121,1
ID72122,1
ID72123,0
ID72124,0
ID72125,1
ID72126,1
ID72127,0
ID72128,1
ID72129,1
ID72130,0
ID72131,1
ID72132,1
ID72133,1
ID72134,1
ID72135,1
ID72136,1
ID72137,1
ID72138,0
ID72139,0
ID72140,1
ID72141,1
ID72142,0
ID72143,0
ID72144,1
ID72145,0
ID72146,1
ID72147,1
ID72148,1
ID72149,1
ID72150,1
ID72151,1
ID72152,1
ID72153,1
ID72154,1
ID72155,1
ID72156,1
ID72157,0
ID72158,1
ID72159,1
ID72160,1
ID72161,1
ID72162,0
ID72163,0
ID72164,1
ID72165,1
ID72166,0
ID72167,1
ID72168,1
ID72169,1
ID72170,1
ID72171,1
ID72172,0
ID72173,1
ID72174,1
ID72175,1
ID72176,1
ID72177,1
ID72178,1
ID72179,1
ID72180,1
ID72181,1
ID72182,0
ID72183,0
ID72184,0
ID72185,0
ID72186,0
ID72187,0
ID72188,0
ID72189,1
ID72190,0
ID72191,0
ID72192,1
ID72193,1
ID72194,1
ID72195,1
ID72196,1
ID72197,1
ID72198,1
ID72199,0
ID72200,1
ID72201,1
ID72202,1
ID72203,0
ID72204,0
ID72205,0
ID72206,1
ID72207,1
ID72208,1
ID72209,0
ID72210,0
ID72211,1
ID72212,0
ID72213,1
ID72214,1
ID72215,1
ID72216,1
ID72217,0
ID72218,0
ID72219,1
ID72220,1
ID72221,1
ID72222,1
ID72223,1
ID72224,0
ID72225,1
ID72226,1
ID72227,0
ID72228,1
ID72229,1
ID72230,1
ID72231,1
ID72232,0
ID72233,0
ID72234,1
ID72235,0
ID72236,1
ID72237,1
ID72238,0
ID72239,1
ID72240,1
ID72241,1
ID72242,1
ID72243,0
ID72244,1
ID72245,1
ID72246,0
ID72247,1
ID72248,0
ID72249,0
ID72250,1
ID72251,1
ID72252,0
ID72253,1
ID72254,1
ID72255,0
ID72256,1
ID72257,0
ID72258,1
ID72259,1
ID72260,1
ID72261,0
ID72262,1
ID72263,0
ID72264,0
ID72265,1
ID72266,1
ID72267,1
ID72268,0
ID72269,1
ID72270,0
ID72271,1
ID72272,1
ID72273,1
ID72274,1
ID72275,1
ID72276,1
ID72277,1
ID72278,1
ID72279,1
ID72280,1
ID72281,0
ID72282,0
ID72283,1
ID72284,1
ID72285,0
ID72286,0
ID72287,0
ID72288,1
ID72289,1
ID72290,0
ID72291,0
ID72292,0
ID72293,1
ID72294,1
ID72295,1
ID72296,1
ID72297,1
ID72298,0
ID72299,0
ID72300,1
ID72301,1
ID72302,1
ID72303,1
ID72304,0
ID72305,1
ID72306,0
ID72307,1
ID72308,0
ID72309,1
ID72310,1
ID72311,0
ID72312,1
ID72313,1
ID72314,1
ID72315,1
ID72316,1
ID72317,1
ID72318,0
ID72319,1
ID72320,1
ID72321,1
ID72322,1
ID72323,0
ID72324,0
ID72325,1
ID72326,1
ID72327,1
ID72328,1
ID72329,1
ID72330,1
ID72331,1
ID72332,1
ID72333,0
ID72334,1
ID72335,1
ID72336,1
ID72337,1
ID72338,1
ID72339,0
ID72340,0
ID72341,0
ID72342,1
ID72343,1
ID72344,0
ID72345,1
ID72346,1
ID72347,1
ID72348,1
ID72349,0
ID72350,0
ID72351,1
ID72352,1
ID72353,1
ID72354,1
ID72355,1
ID72356,0
ID72357,0
ID72358,0
ID72359,1
ID72360,1
ID72361,1
ID72362,1
ID72363,0
ID72364,1
ID72365,0
ID72366,1
ID72367,1
ID72368,1
ID72369,0
ID72370,1
ID72371,1
ID72372,0
ID72373,1
ID72374,0
ID72375,1
ID72376,1
ID72377,1
ID72378,0
ID72379,0
ID72380,1
ID72381,1
ID72382,1
ID72383,0
ID72384,1
ID72385,1
ID72386,1
ID72387,1
ID72388,0
ID72389,1
ID72390,0
ID72391,0
ID72392,1
ID72393,1
ID72394,1
ID72395,1
ID72396,1
ID72397,0
ID72398,0
ID72399,1
ID72400,0
ID72401,1
ID72402,1
ID72403,0
ID72404,0
ID72405,0
ID72406,1
ID72407,0
ID72408,1
ID72409,1
ID72410,0
ID72411,0
ID72412,1
ID72413,1
ID72414,1
ID72415,0
ID72416,0
ID72417,0
ID72418,0
ID72419,1
ID72420,1
ID72421,0
ID72422,0
ID72423,1
ID72424,1
ID72425,1
ID72426,1
ID72427,0
ID72428,1
ID72429,1
ID72430,1
ID72431,1
ID72432,0
ID72433,1
ID72434,1
ID72435,0
ID72436,0
ID72437,0
ID72438,1
ID72439,0
ID72440,0
ID72441,1
ID72442,1
ID72443,1
ID72444,1
ID72445,1
ID72446,1
ID72447,1
ID72448,1
ID72449,1
ID72450,1
ID72451,0
ID72452,0
ID72453,1
ID72454,1
ID72455,1
ID72456,1
ID72457,1
ID72458,1
ID72459,1
ID72460,0
ID72461,0
ID72462,1
ID72463,1
ID72464,0
ID72465,1
ID72466,1
ID72467,0
ID72468,0
ID72469,1
ID72470,1
ID72471,0
ID72472,1
ID72473,1
ID72474,0
ID72475,1
ID72476,1
ID72477,0
ID72478,0
ID72479,1
ID72480,1
ID72481,0
ID72482,0
ID72483,1
ID72484,0
ID72485,0
ID72486,1
ID72487,1
ID72488,1
ID72489,1
ID72490,0
ID72491,1
ID72492,1
ID72493,0
ID72494,1
ID72495,1
ID72496,0
ID72497,1
ID72498,1
ID72499,1
ID72500,1
ID72501,0
ID72502,1
ID72503,0
ID72504,0
ID72505,1
ID72506,1
ID72507,1
ID72508,1
ID72509,1
ID72510,0
ID72511,1
ID72512,1
ID72513,1
ID72514,1
ID72515,1
ID72516,1
ID72517,0
ID72518,0
ID72519,1
ID72520,0
ID72521,1
ID72522,1
ID72523,0
ID72524,1
ID72525,1
ID72526,1
ID72527,0
ID72528,1
ID72529,1
ID72530,1
ID72531,1
ID72532,1
ID72533,1
ID72534,0
ID72535,1
ID72536,1
ID72537,0
ID72538,0
ID72539,0
ID72540,1
ID72541,1
ID72542,1
ID72543,0
ID72544,1
ID72545,1
ID72546,1
ID72547,1
ID72548,0
ID72549,1
ID72550,0
ID72551,1
ID72552,1
ID72553,0
ID72554,1
ID72555,1
ID72556,1
ID72557,0
ID72558,1
ID72559,1
ID72560,1
ID72561,1
ID72562,1
ID72563,0
ID72564,1
ID72565,1
ID72566,0
ID72567,0
ID72568,1
ID72569,0
ID72570,1
ID72571,0
ID72572,1
ID72573,1
ID72574,1
ID72575,0
ID72576,0
ID72577,0
ID72578,1
ID72579,1
ID72580,0
ID72581,1
ID72582,1
ID72583,1
ID72584,1
ID72585,1
ID72586,1
ID72587,0
ID72588,1
ID72589,1
ID72590,1
ID72591,1
ID72592,0
ID72593,0
ID72594,1
ID72595,1
ID72596,1
ID72597,1
ID72598,1
ID72599,0
ID72600,1
ID72601,1
ID72602,0
ID72603,0
ID72604,0
ID72605,0
ID72606,1
ID72607,0
ID72608,1
ID72609,1
ID72610,0
ID72611,0
ID72612,0
ID72613,0
ID72614,1
ID72615,0
ID72616,1
ID72617,1
ID72618,1
ID72619,0
ID72620,1
ID72621,0
ID72622,0
ID72623,0
ID72624,0
ID72625,1
ID72626,1
ID72627,1
ID72628,0
ID72629,1
ID72630,1
ID72631,1
ID72632,0
ID72633,1
ID72634,0
ID72635,0
ID72636,1
ID72637,0
ID72638,0
ID72639,0
ID72640,1
ID72641,1
ID72642,1
ID72643,1
ID72644,1
ID72645,0
ID72646,1
ID72647,1
ID72648,1
ID72649,0
ID72650,1
ID72651,1
ID72652,0
ID72653,1
ID72654,1
ID72655,1
ID72656,0
ID72657,1
ID72658,1
ID72659,0
ID72660,1
ID72661,1
ID72662,1
ID72663,1
ID72664,1
ID72665,1
ID72666,1
ID72667,1
ID72668,1
ID72669,1
ID72670,1
ID72671,1
ID72672,1
ID72673,0
ID72674,1
ID72675,0
ID72676,1
ID72677,0
ID72678,1
ID72679,0
ID72680,1
ID72681,0
ID72682,1
ID72683,1
ID72684,1
ID72685,1
ID72686,1
ID72687,0
ID72688,1
ID72689,1
ID72690,1
ID72691,1
ID72692,1
ID72693,1
ID72694,0
ID72695,1
ID72696,1
ID72697,1
ID72698,1
ID72699,1
ID72700,0
ID72701,1
ID72702,0
ID72703,1
ID72704,1
ID72705,1
ID72706,1
ID72707,1
ID72708,1
ID72709,1
ID72710,1
ID72711,0
ID72712,1
ID72713,1
ID72714,1
ID72715,1
ID72716,1
ID72717,0
ID72718,0
ID72719,1
ID72720,1
ID72721,1
ID72722,1
ID72723,1
ID72724,0
ID72725,0
ID72726,1
ID72727,1
ID72728,0
ID72729,1
ID72730,1
ID72731,0
ID72732,0
ID72733,0
ID72734,1
ID72735,0
ID72736,1
ID72737,1
ID72738,1
ID72739,1
ID72740,0
ID72741,1
ID72742,0
ID72743,1
ID72744,1
ID72745,0
ID72746,1
ID72747,1
ID72748,0
ID72749,0
ID72750,1
ID72751,1
ID72752,1
ID72753,0
ID72754,0
ID72755,1
ID72756,1
ID72757,1
ID72758,0
ID72759,1
ID72760,0
ID72761,1
ID72762,1
ID72763,0
ID72764,0
ID72765,1
ID72766,0
ID72767,0
ID72768,1
ID72769,0
ID72770,0
ID72771,0
ID72772,1
ID72773,1
ID72774,0
ID72775,1
ID72776,0
ID72777,1
ID72778,1
ID72779,0
ID72780,1
ID72781,0
ID72782,1
ID72783,1
ID72784,0
ID72785,1
ID72786,1
ID72787,1
ID72788,0
ID72789,1
ID72790,1
ID72791,0
ID72792,0
ID72793,1
ID72794,1
ID72795,0
ID72796,1
ID72797,1
ID72798,0
ID72799,1
ID72800,0
ID72801,0
ID72802,0
ID72803,0
ID72804,0
ID72805,0
ID72806,0
ID72807,1
ID72808,0
ID72809,1
ID72810,0
ID72811,0
ID72812,1
ID72813,1
ID72814,0
ID72815,1
ID72816,1
ID72817,1
ID72818,0
ID72819,0
ID72820,0
ID72821,1
ID72822,1
ID72823,1
ID72824,1
ID72825,1
ID72826,0
ID72827,1
ID72828,1
ID72829,1
ID72830,1
ID72831,0
ID72832,1
ID72833,1
ID72834,0
ID72835,0
ID72836,0
ID72837,1
ID72838,1
ID72839,0
ID72840,0
ID72841,1
ID72842,1
ID72843,0
ID72844,0
ID72845,0
ID72846,0
ID72847,0
ID72848,1
ID72849,0
ID72850,1
ID72851,1
ID72852,1
ID72853,0
ID72854,0
ID72855,1
ID72856,1
ID72857,1
ID72858,0
ID72859,0
ID72860,1
ID72861,1
ID72862,1
ID72863,0
ID72864,0
ID72865,0
ID72866,0
ID72867,1
ID72868,0
ID72869,0
ID72870,1
ID72871,1
ID72872,1
ID72873,0
ID72874,0
ID72875,1
ID72876,0
ID72877,0
ID72878,1
ID72879,1
ID72880,1
ID72881,0
ID72882,1
ID72883,1
ID72884,1
ID72885,1
ID72886,0
ID72887,0
ID72888,1
ID72889,0
ID72890,1
ID72891,0
ID72892,1
ID72893,1
ID72894,1
ID72895,1
ID72896,0
ID72897,1
ID72898,1
ID72899,0
ID72900,0
ID72901,1
ID72902,1
ID72903,1
ID72904,1
ID72905,1
ID72906,1
ID72907,1
ID72908,1
ID72909,1
ID72910,1
ID72911,1
ID72912,0
ID72913,1
ID72914,1
ID72915,0
ID72916,1
ID72917,1
ID72918,1
ID72919,0
ID72920,0
ID72921,0
ID72922,0
ID72923,1
ID72924,0
ID72925,1
ID72926,0
ID72927,0
ID72928,1
ID72929,0
ID72930,0
ID72931,1
ID72932,1
ID72933,1
ID72934,1
ID72935,1
ID72936,1
ID72937,1
ID72938,0
ID72939,1
ID72940,1
ID72941,1
ID72942,1
ID72943,1
ID72944,1
ID72945,0
ID72946,1
ID72947,0
ID72948,1
ID72949,1
ID72950,1
ID72951,1
ID72952,0
ID72953,1
ID72954,1
ID72955,1
ID72956,0
ID72957,1
ID72958,0
ID72959,1
ID72960,1
ID72961,0
ID72962,0
ID72963,1
ID72964,1
ID72965,1
ID72966,1
ID72967,1
ID72968,0
ID72969,0
ID72970,1
ID72971,1
ID72972,0
ID72973,1
ID72974,1
ID72975,1
ID72976,1
ID72977,1
ID72978,1
ID72979,0
ID72980,0
ID72981,1
ID72982,1
ID72983,1
ID72984,1
ID72985,1
ID72986,1
ID72987,1
ID72988,1
ID72989,0
ID72990,1
ID72991,0
ID72992,1
ID72993,0
ID72994,1
ID72995,1
ID72996,1
ID72997,0
ID72998,1
ID72999,0
ID73000,0
ID73001,1
ID73002,0
ID73003,0
ID73004,1
ID73005,1
ID73006,1
ID73007,1
ID73008,1
ID73009,1
ID73010,1
ID73011,0
ID73012,1
ID73013,1
ID73014,0
ID73015,0
ID73016,1
ID73017,1
ID73018,0
ID73019,0
ID73020,0
ID73021,1
ID73022,0
ID73023,1
ID73024,1
ID73025,1
ID73026,0
ID73027,1
ID73028,1
ID73029,1
ID73030,0
ID73031,1
ID73032,1
ID73033,1
ID73034,0
ID73035,0
ID73036,1
ID73037,1
ID73038,1
ID73039,1
ID73040,0
ID73041,0
ID73042,0
ID73043,0
ID73044,1
ID73045,0
ID73046,1
ID73047,0
ID73048,1
ID73049,1
ID73050,0
ID73051,1
ID73052,0
ID73053,0
ID73054,1
ID73055,1
ID73056,0
ID73057,1
ID73058,0
ID73059,1
ID73060,1
ID73061,1
ID73062,1
ID73063,1
ID73064,1
ID73065,1
ID73066,1
ID73067,0
ID73068,1
ID73069,0
ID73070,0
ID73071,1
ID73072,0
ID73073,1
ID73074,1
ID73075,1
ID73076,0
ID73077,0
ID73078,0
ID73079,1
ID73080,1
ID73081,0
ID73082,0
ID73083,0
ID73084,1
ID73085,1
ID73086,1
ID73087,1
ID73088,1
ID73089,0
ID73090,1
ID73091,1
ID73092,1
ID73093,0
ID73094,0
ID73095,1
ID73096,1
ID73097,1
ID73098,1
ID73099,0
ID73100,1
ID73101,0
ID73102,1
ID73103,1
ID73104,1
ID73105,1
ID73106,1
ID73107,1
ID73108,0
ID73109,0
ID73110,0
ID73111,1
ID73112,0
ID73113,1
ID73114,0
ID73115,1
ID73116,1
ID73117,1
ID73118,1
ID73119,1
ID73120,1
ID73121,1
ID73122,1
ID73123,1
ID73124,1
ID73125,1
ID73126,0
ID73127,0
ID73128,1
ID73129,1
ID73130,0
ID73131,0
ID73132,1
ID73133,0
ID73134,0
ID73135,1
ID73136,1
ID73137,1
ID73138,1
ID73139,1
ID73140,1
ID73141,1
ID73142,1
ID73143,1
ID73144,0
ID73145,1
ID73146,1
ID73147,1
ID73148,1
ID73149,1
ID73150,1
ID73151,1
ID73152,1
ID73153,1
ID73154,1
ID73155,1
ID73156,0
ID73157,0
ID73158,1
ID73159,1
ID73160,1
ID73161,0
ID73162,0
ID73163,1
ID73164,0
ID73165,0
ID73166,0
ID73167,1
ID73168,1
ID73169,1
ID73170,0
ID73171,1
ID73172,1
ID73173,1
ID73174,1
ID73175,1
ID73176,1
ID73177,1
ID73178,1
ID73179,0
ID73180,1
ID73181,1
ID73182,1
ID73183,1
ID73184,0
ID73185,1
ID73186,0
ID73187,1
ID73188,0
ID73189,1
ID73190,1
ID73191,1
ID73192,1
ID73193,1
ID73194,1
ID73195,1
ID73196,0
ID73197,1
ID73198,1
ID73199,0
ID73200,1
ID73201,1
ID73202,0
ID73203,1
ID73204,1
ID73205,1
ID73206,1
ID73207,0
ID73208,0
ID73209,0
ID73210,0
ID73211,0
ID73212,1
ID73213,1
ID73214,1
ID73215,1
ID73216,1
ID73217,1
ID73218,1
ID73219,0
ID73220,1
ID73221,1
ID73222,1
ID73223,0
ID73224,0
ID73225,0
ID73226,1
ID73227,1
ID73228,1
ID73229,1
ID73230,1
ID73231,0
ID73232,0
ID73233,1
ID73234,1
ID73235,1
ID73236,0
ID73237,1
ID73238,1
ID73239,1
ID73240,1
ID73241,0
ID73242,1
ID73243,1
ID73244,1
ID73245,1
ID73246,1
ID73247,0
ID73248,0
ID73249,1
ID73250,1
ID73251,1
ID73252,1
ID73253,0
ID73254,0
ID73255,1
ID73256,1
ID73257,1
ID73258,0
ID73259,1
ID73260,1
ID73261,1
ID73262,1
ID73263,1
ID73264,1
ID73265,1
ID73266,1
ID73267,0
ID73268,0
ID73269,1
ID73270,0
ID73271,1
ID73272,1
ID73273,1
ID73274,1
ID73275,0
ID73276,1
ID73277,0
ID73278,0
ID73279,1
ID73280,1
ID73281,0
ID73282,1
ID73283,1
ID73284,0
ID73285,1
ID73286,1
ID73287,1
ID73288,1
ID73289,0
ID73290,1
ID73291,0
ID73292,0
ID73293,0
ID73294,1
ID73295,1
ID73296,1
ID73297,1
ID73298,1
ID73299,1
ID73300,1
ID73301,0
ID73302,1
ID73303,0
ID73304,1
ID73305,1
ID73306,1
ID73307,0
ID73308,0
ID73309,1
ID73310,1
ID73311,0
ID73312,1
ID73313,0
ID73314,0
ID73315,1
ID73316,1
ID73317,0
ID73318,0
ID73319,0
ID73320,0
ID73321,1
ID73322,1
ID73323,0
ID73324,0
ID73325,1
ID73326,1
ID73327,1
ID73328,0
ID73329,1
ID73330,1
ID73331,1
ID73332,1
ID73333,1
ID73334,1
ID73335,1
ID73336,1
ID73337,0
ID73338,0
ID73339,0
ID73340,0
ID73341,1
ID73342,0
ID73343,1
ID73344,1
ID73345,1
ID73346,1
ID73347,1
ID73348,1
ID73349,1
ID73350,0
ID73351,1
ID73352,0
ID73353,0
ID73354,1
ID73355,0
ID73356,1
ID73357,1
ID73358,0
ID73359,1
ID73360,0
ID73361,1
ID73362,1
ID73363,1
ID73364,1
ID73365,1
ID73366,1
ID73367,0
ID73368,1
ID73369,1
ID73370,0
ID73371,0
ID73372,0
ID73373,1
ID73374,1
ID73375,1
ID73376,1
ID73377,1
ID73378,0
ID73379,1
ID73380,0
ID73381,1
ID73382,0
ID73383,1
ID73384,1
ID73385,0
ID73386,0
ID73387,1
ID73388,1
ID73389,1
ID73390,1
ID73391,0
ID73392,1
ID73393,1
ID73394,1
ID73395,1
ID73396,0
ID73397,1
ID73398,1
ID73399,1
ID73400,1
ID73401,1
ID73402,1
ID73403,0
ID73404,1
ID73405,1
ID73406,1
ID73407,0
ID73408,0
ID73409,0
ID73410,0
ID73411,1
ID73412,1
ID73413,0
ID73414,1
ID73415,1
ID73416,0
ID73417,1
ID73418,0
ID73419,0
ID73420,1
ID73421,0
ID73422,0
ID73423,1
ID73424,1
ID73425,1
ID73426,1
ID73427,0
ID73428,0
ID73429,0
ID73430,1
ID73431,0
ID73432,1
ID73433,1
ID73434,1
ID73435,0
ID73436,1
ID73437,1
ID73438,0
ID73439,0
ID73440,1
ID73441,0
ID73442,1
ID73443,1
ID73444,1
ID73445,1
ID73446,0
ID73447,1
ID73448,1
ID73449,1
ID73450,0
ID73451,0
ID73452,1
ID73453,1
ID73454,0
ID73455,1
ID73456,1
ID73457,1
ID73458,1
ID73459,1
ID73460,1
ID73461,1
ID73462,0
ID73463,0
ID73464,1
ID73465,1
ID73466,1
ID73467,1
ID73468,0
ID73469,0
ID73470,0
ID73471,1
ID73472,1
ID73473,0
ID73474,1
ID73475,1
ID73476,1
ID73477,0
ID73478,1
ID73479,1
ID73480,1
ID73481,1
ID73482,0
ID73483,1
ID73484,0
ID73485,1
ID73486,1
ID73487,0
ID73488,1
ID73489,1
ID73490,0
ID73491,1
ID73492,1
ID73493,1
ID73494,1
ID73495,1
ID73496,1
ID73497,0
ID73498,1
ID73499,1
ID73500,1
ID73501,1
ID73502,1
ID73503,1
ID73504,0
ID73505,0
ID73506,1
ID73507,1
ID73508,1
ID73509,1
ID73510,1
ID73511,0
ID73512,1
ID73513,0
ID73514,1
ID73515,1
ID73516,1
ID73517,1
ID73518,0
ID73519,1
ID73520,0
ID73521,1
ID73522,1
ID73523,0
ID73524,0
ID73525,1
ID73526,0
ID73527,0
ID73528,0
ID73529,1
ID73530,1
ID73531,0
ID73532,1
ID73533,0
ID73534,1
ID73535,1
ID73536,1
ID73537,0
ID73538,0
ID73539,1
ID73540,1
ID73541,1
ID73542,0
ID73543,1
ID73544,1
ID73545,1
ID73546,1
ID73547,0
ID73548,1
ID73549,1
ID73550,1
ID73551,1
ID73552,1
ID73553,1
ID73554,0
ID73555,1
ID73556,0
ID73557,1
ID73558,1
ID73559,1
ID73560,0
ID73561,1
ID73562,0
ID73563,0
ID73564,1
ID73565,0
ID73566,0
ID73567,1
ID73568,1
ID73569,1
ID73570,0
ID73571,0
ID73572,0
ID73573,1
ID73574,1
ID73575,0
ID73576,1
ID73577,1
ID73578,1
ID73579,1
ID73580,1
ID73581,0
ID73582,1
ID73583,1
ID73584,1
ID73585,1
ID73586,1
ID73587,1
ID73588,1
ID73589,1
ID73590,1
ID73591,1
ID73592,1
ID73593,1
ID73594,1
ID73595,1
ID73596,0
ID73597,0
ID73598,1
ID73599,1
ID73600,1
ID73601,0
ID73602,1
ID73603,1
ID73604,1
ID73605,1
ID73606,0
ID73607,1
ID73608,0
ID73609,1
ID73610,1
ID73611,1
ID73612,0
ID73613,1
ID73614,1
ID73615,1
ID73616,1
ID73617,1
ID73618,1
ID73619,1
ID73620,0
ID73621,1
ID73622,1
ID73623,0
ID73624,1
ID73625,0
ID73626,1
ID73627,1
ID73628,0
ID73629,1
ID73630,0
ID73631,1
ID73632,1
ID73633,1
ID73634,1
ID73635,1
ID73636,1
ID73637,1
ID73638,1
ID73639,1
ID73640,1
ID73641,0
ID73642,1
ID73643,1
ID73644,0
ID73645,1
ID73646,0
ID73647,1
ID73648,1
ID73649,0
ID73650,0
ID73651,0
ID73652,0
ID73653,1
ID73654,1
ID73655,0
ID73656,1
ID73657,0
ID73658,1
ID73659,0
ID73660,0
ID73661,0
ID73662,1
ID73663,1
ID73664,0
ID73665,1
ID73666,1
ID73667,1
ID73668,1
ID73669,0
ID73670,1
ID73671,1
ID73672,1
ID73673,1
ID73674,0
ID73675,0
ID73676,1
ID73677,1
ID73678,1
ID73679,0
ID73680,0
ID73681,1
ID73682,1
ID73683,1
ID73684,1
ID73685,0
ID73686,1
ID73687,0
ID73688,1
ID73689,1
ID73690,1
ID73691,1
ID73692,1
ID73693,1
ID73694,0
ID73695,1
ID73696,1
ID73697,1
ID73698,1
ID73699,1
ID73700,1
ID73701,0
ID73702,1
ID73703,0
ID73704,0
ID73705,1
ID73706,0
ID73707,1
ID73708,1
ID73709,0
ID73710,1
ID73711,0
ID73712,1
ID73713,0
ID73714,1
ID73715,1
ID73716,0
ID73717,1
ID73718,1
ID73719,1
ID73720,0
ID73721,1
ID73722,1
ID73723,1
ID73724,0
ID73725,0
ID73726,1
ID73727,1
ID73728,0
ID73729,1
ID73730,0
ID73731,1
ID73732,1
ID73733,1
ID73734,1
ID73735,0
ID73736,1
ID73737,0
ID73738,0
ID73739,1
ID73740,1
ID73741,1
ID73742,1
ID73743,0
ID73744,1
ID73745,1
ID73746,0
ID73747,1
ID73748,1
ID73749,1
ID73750,1
ID73751,1
ID73752,1
ID73753,1
ID73754,1
ID73755,0
ID73756,0
ID73757,1
ID73758,0
ID73759,0
ID73760,1
ID73761,1
ID73762,1
ID73763,0
ID73764,1
ID73765,1
ID73766,1
ID73767,1
ID73768,0
ID73769,0
ID73770,1
ID73771,1
ID73772,1
ID73773,1
ID73774,0
ID73775,1
ID73776,0
ID73777,0
ID73778,1
ID73779,1
ID73780,0
ID73781,1
ID73782,1
ID73783,0
ID73784,1
ID73785,0
ID73786,0
ID73787,1
ID73788,1
ID73789,1
ID73790,0
ID73791,0
ID73792,1
ID73793,0
ID73794,1
ID73795,1
ID73796,0
ID73797,1
ID73798,1
ID73799,1
ID73800,0
ID73801,0
ID73802,1
ID73803,1
ID73804,0
ID73805,1
ID73806,1
ID73807,0
ID73808,1
ID73809,1
ID73810,0
ID73811,1
ID73812,0
ID73813,1
ID73814,1
ID73815,0
ID73816,1
ID73817,1
ID73818,0
ID73819,1
ID73820,1
ID73821,1
ID73822,1
ID73823,1
ID73824,0
ID73825,1
ID73826,0
ID73827,0
ID73828,0
ID73829,1
ID73830,1
ID73831,1
ID73832,1
ID73833,0
ID73834,0
ID73835,0
ID73836,1
ID73837,0
ID73838,0
ID73839,1
ID73840,1
ID73841,1
ID73842,1
ID73843,0
ID73844,1
ID73845,1
ID73846,1
ID73847,1
ID73848,1
ID73849,1
ID73850,1
ID73851,0
ID73852,1
ID73853,1
ID73854,1
ID73855,0
ID73856,1
ID73857,1
ID73858,0
ID73859,1
ID73860,1
ID73861,1
ID73862,1
ID73863,1
ID73864,1
ID73865,0
ID73866,1
ID73867,1
ID73868,1
ID73869,1
ID73870,0
ID73871,1
ID73872,0
ID73873,1
ID73874,0
ID73875,1
ID73876,1
ID73877,1
ID73878,1
ID73879,1
ID73880,1
ID73881,1
ID73882,1
ID73883,1
ID73884,1
ID73885,1
ID73886,0
ID73887,1
ID73888,1
ID73889,1
ID73890,1
ID73891,1
ID73892,1
ID73893,1
ID73894,1
ID73895,1
ID73896,1
ID73897,0
ID73898,0
ID73899,1
ID73900,0
ID73901,1
ID73902,1
ID73903,0
ID73904,0
ID73905,1
ID73906,1
ID73907,0
ID73908,1
ID73909,0
ID73910,1
ID73911,1
ID73912,1
ID73913,1
ID73914,1
ID73915,1
ID73916,1
ID73917,0
ID73918,1
ID73919,1
ID73920,1
ID73921,1
ID73922,1
ID73923,1
ID73924,1
ID73925,1
ID73926,0
ID73927,1
ID73928,1
ID73929,0
ID73930,1
ID73931,1
ID73932,1
ID73933,0
ID73934,1
ID73935,1
ID73936,1
ID73937,0
ID73938,1
ID73939,0
ID73940,1
ID73941,1
ID73942,1
ID73943,1
ID73944,1
ID73945,1
ID73946,1
ID73947,1
ID73948,1
ID73949,1
ID73950,1
ID73951,0
ID73952,1
ID73953,0
ID73954,0
ID73955,1
ID73956,1
ID73957,1
ID73958,1
ID73959,1
ID73960,0
ID73961,1
ID73962,0
ID73963,1
ID73964,0
ID73965,1
ID73966,1
ID73967,0
ID73968,0
ID73969,1
ID73970,0
ID73971,1
ID73972,0
ID73973,1
ID73974,1
ID73975,0
ID73976,1
ID73977,1
ID73978,1
ID73979,0
ID73980,0
ID73981,1
ID73982,1
ID73983,1
ID73984,0
ID73985,0
ID73986,1
ID73987,0
ID73988,1
ID73989,0
ID73990,1
ID73991,0
ID73992,0
ID73993,0
ID73994,1
ID73995,0
ID73996,1
ID73997,1
ID73998,1
ID73999,0
ID74000,1
ID74001,1
ID74002,0
ID74003,1
ID74004,0
ID74005,1
ID74006,1
ID74007,1
ID74008,1
ID74009,0
ID74010,1
ID74011,1
ID74012,1
ID74013,1
ID74014,1
ID74015,0
ID74016,0
ID74017,0
ID74018,1
ID74019,1
ID74020,1
ID74021,0
ID74022,0
ID74023,0
ID74024,1
ID74025,1
ID74026,1
ID74027,1
ID74028,1
ID74029,1
ID74030,1
ID74031,1
ID74032,1
ID74033,1
ID74034,0
ID74035,1
ID74036,1
ID74037,1
ID74038,1
ID74039,1
ID74040,0
ID74041,0
ID74042,1
ID74043,0
ID74044,0
ID74045,0
ID74046,1
ID74047,1
ID74048,1
ID74049,0
ID74050,1
ID74051,1
ID74052,0
ID74053,1
ID74054,1
ID74055,1
ID74056,1
ID74057,1
ID74058,1
ID74059,1
ID74060,1
ID74061,1
ID74062,1
ID74063,1
ID74064,1
ID74065,1
ID74066,0
ID74067,1
ID74068,0
ID74069,0
ID74070,1
ID74071,1
ID74072,1
ID74073,1
ID74074,1
ID74075,0
ID74076,0
ID74077,1
ID74078,1
ID74079,1
ID74080,0
ID74081,0
ID74082,0
ID74083,1
ID74084,1
ID74085,0
ID74086,1
ID74087,1
ID74088,1
ID74089,1
ID74090,0
ID74091,1
ID74092,1
ID74093,1
ID74094,0
ID74095,0
ID74096,1
ID74097,1
ID74098,0
ID74099,1
ID74100,1
ID74101,1
ID74102,1
ID74103,1
ID74104,0
ID74105,1
ID74106,0
ID74107,1
ID74108,0
ID74109,1
ID74110,1
ID74111,0
ID74112,1
ID74113,1
ID74114,1
ID74115,1
ID74116,0
ID74117,1
ID74118,1
ID74119,1
ID74120,0
ID74121,1
ID74122,1
ID74123,1
ID74124,0
ID74125,1
ID74126,0
ID74127,1
ID74128,0
ID74129,0
ID74130,0
ID74131,1
ID74132,1
ID74133,0
ID74134,0
ID74135,0
ID74136,1
ID74137,0
ID74138,0
ID74139,1
ID74140,1
ID74141,1
ID74142,1
ID74143,1
ID74144,0
ID74145,1
ID74146,1
ID74147,0
ID74148,1
ID74149,0
ID74150,1
ID74151,1
ID74152,0
ID74153,1
ID74154,1
ID74155,0
ID74156,1
ID74157,1
ID74158,1
ID74159,1
ID74160,1
ID74161,1
ID74162,1
ID74163,1
ID74164,1
ID74165,1
ID74166,0
ID74167,1
ID74168,1
ID74169,1
ID74170,1
ID74171,1
ID74172,1
ID74173,0
ID74174,1
ID74175,0
ID74176,1
ID74177,1
ID74178,1
ID74179,0
ID74180,1
ID74181,1
ID74182,0
ID74183,1
ID74184,1
ID74185,1
ID74186,1
ID74187,0
ID74188,0
ID74189,0
ID74190,1
ID74191,0
ID74192,1
ID74193,0
ID74194,1
ID74195,1
ID74196,1
ID74197,1
ID74198,1
ID74199,1
ID74200,1
ID74201,0
ID74202,0
ID74203,0
ID74204,1
ID74205,1
ID74206,1
ID74207,0
ID74208,1
ID74209,1
ID74210,1
ID74211,1
ID74212,0
ID74213,1
ID74214,1
ID74215,1
ID74216,0
ID74217,1
ID74218,0
ID74219,1
ID74220,1
ID74221,0
ID74222,1
ID74223,0
ID74224,1
ID74225,0
ID74226,0
ID74227,1
ID74228,0
ID74229,1
ID74230,0
ID74231,1
ID74232,1
ID74233,1
ID74234,1
ID74235,1
ID74236,0
ID74237,0
ID74238,0
ID74239,0
ID74240,1
ID74241,1
ID74242,0
ID74243,1
ID74244,0
ID74245,1
ID74246,1
ID74247,1
ID74248,0
ID74249,1
ID74250,0
ID74251,1
ID74252,0
ID74253,1
ID74254,0
ID74255,1
ID74256,1
ID74257,1
ID74258,1
ID74259,1
ID74260,0
ID74261,1
ID74262,0
ID74263,1
ID74264,1
ID74265,0
ID74266,0
ID74267,1
ID74268,0
ID74269,1
ID74270,0
ID74271,1
ID74272,0
ID74273,1
ID74274,1
ID74275,1
ID74276,0
ID74277,1
ID74278,1
ID74279,1
ID74280,1
ID74281,1
ID74282,1
ID74283,0
ID74284,1
ID74285,1
ID74286,1
ID74287,1
ID74288,1
ID74289,0
ID74290,1
ID74291,1
ID74292,1
ID74293,1
ID74294,0
ID74295,1
ID74296,1
ID74297,0
ID74298,1
ID74299,0
ID74300,1
ID74301,1
ID74302,1
ID74303,0
ID74304,1
ID74305,1
ID74306,1
ID74307,1
ID74308,0
ID74309,0
ID74310,0
ID74311,0
ID74312,1
ID74313,0
ID74314,0
ID74315,1
ID74316,1
ID74317,1
ID74318,0
ID74319,1
ID74320,0
ID74321,0
ID74322,0
ID74323,1
ID74324,0
ID74325,0
ID74326,0
ID74327,1
ID74328,1
ID74329,1
ID74330,0
ID74331,0
ID74332,1
ID74333,1
ID74334,1
ID74335,1
ID74336,0
ID74337,1
ID74338,1
ID74339,1
ID74340,0
ID74341,1
ID74342,1
ID74343,0
ID74344,1
ID74345,1
ID74346,1
ID74347,1
ID74348,1
ID74349,0
ID74350,1
ID74351,1
ID74352,1
ID74353,0
ID74354,1
ID74355,1
ID74356,1
ID74357,1
ID74358,0
ID74359,1
ID74360,1
ID74361,1
ID74362,0
ID74363,1
ID74364,1
ID74365,1
ID74366,1
ID74367,1
ID74368,0
ID74369,1
ID74370,1
ID74371,1
ID74372,0
ID74373,1
ID74374,1
ID74375,0
ID74376,1
ID74377,1
ID74378,0
ID74379,1
ID74380,1
ID74381,1
ID74382,1
ID74383,0
ID74384,0
ID74385,1
ID74386,0
ID74387,0
ID74388,0
ID74389,1
ID74390,1
ID74391,1
ID74392,0
ID74393,1
ID74394,0
ID74395,0
ID74396,1
ID74397,0
ID74398,1
ID74399,1
ID74400,0
ID74401,1
ID74402,1
ID74403,1
ID74404,0
ID74405,0
ID74406,0
ID74407,1
ID74408,0
ID74409,1
ID74410,1
ID74411,1
ID74412,0
ID74413,1
ID74414,0
ID74415,1
ID74416,1
ID74417,1
ID74418,1
ID74419,1
ID74420,0
ID74421,1
ID74422,1
ID74423,0
ID74424,0
ID74425,1
ID74426,0
ID74427,1
ID74428,1
ID74429,1
ID74430,0
ID74431,0
ID74432,1
ID74433,0
ID74434,1
ID74435,1
ID74436,0
ID74437,0
ID74438,0
ID74439,0
ID74440,1
ID74441,0
ID74442,1
ID74443,1
ID74444,1
ID74445,1
ID74446,0
ID74447,0
ID74448,0
ID74449,1
ID74450,0
ID74451,0
ID74452,1
ID74453,1
ID74454,1
ID74455,1
ID74456,1
ID74457,1
ID74458,0
ID74459,0
ID74460,0
ID74461,0
ID74462,1
ID74463,1
ID74464,0
ID74465,1
ID74466,1
ID74467,0
ID74468,0
ID74469,1
ID74470,1
ID74471,1
ID74472,1
ID74473,1
ID74474,1
ID74475,0
ID74476,1
ID74477,1
ID74478,1
ID74479,1
ID74480,1
ID74481,0
ID74482,1
ID74483,0
ID74484,0
ID74485,1
ID74486,1
ID74487,1
ID74488,0
ID74489,1
ID74490,1
ID74491,1
ID74492,1
ID74493,0
ID74494,0
ID74495,1
ID74496,0
ID74497,1
ID74498,1
ID74499,0
ID74500,1
ID74501,1
ID74502,1
ID74503,1
ID74504,1
ID74505,0
ID74506,0
ID74507,1
ID74508,0
ID74509,1
ID74510,0
ID74511,1
ID74512,1
ID74513,1
ID74514,1
ID74515,1
ID74516,0
ID74517,1
ID74518,0
ID74519,1
ID74520,1
ID74521,1
ID74522,0
ID74523,1
ID74524,1
ID74525,0
ID74526,1
ID74527,1
ID74528,1
ID74529,1
ID74530,0
ID74531,1
ID74532,0
ID74533,1
ID74534,1
ID74535,1
ID74536,0
ID74537,1
ID74538,0
ID74539,1
ID74540,1
ID74541,1
ID74542,0
ID74543,1
ID74544,1
ID74545,1
ID74546,1
ID74547,1
ID74548,1
ID74549,1
ID74550,0
ID74551,1
ID74552,1
ID74553,0
ID74554,1
ID74555,0
ID74556,1
ID74557,0
ID74558,1
ID74559,1
ID74560,1
ID74561,1
ID74562,1
ID74563,1
ID74564,0
ID74565,1
ID74566,1
ID74567,1
ID74568,1
ID74569,1
ID74570,1
ID74571,0
ID74572,0
ID74573,1
ID74574,1
ID74575,0
ID74576,1
ID74577,0
ID74578,1
ID74579,0
ID74580,1
ID74581,1
ID74582,0
ID74583,0
ID74584,0
ID74585,1
ID74586,0
ID74587,1
ID74588,1
ID74589,1
ID74590,1
ID74591,1
ID74592,0
ID74593,0
ID74594,1
ID74595,1
ID74596,1
ID74597,0
ID74598,1
ID74599,1
ID74600,1
ID74601,1
ID74602,1
ID74603,0
ID74604,0
ID74605,1
ID74606,1
ID74607,1
ID74608,0
ID74609,0
ID74610,0
ID74611,1
ID74612,0
ID74613,1
ID74614,0
ID74615,1
ID74616,1
ID74617,0
ID74618,1
ID74619,0
ID74620,0
ID74621,1
ID74622,0
ID74623,1
ID74624,1
ID74625,0
ID74626,1
ID74627,1
ID74628,1
ID74629,0
ID74630,1
ID74631,1
ID74632,0
ID74633,1
ID74634,0
ID74635,0
ID74636,0
ID74637,0
ID74638,0
ID74639,1
ID74640,1
ID74641,1
ID74642,1
ID74643,0
ID74644,1
ID74645,1
ID74646,1
ID74647,1
ID74648,1
ID74649,1
ID74650,0
ID74651,1
ID74652,1
ID74653,1
ID74654,0
ID74655,1
ID74656,1
ID74657,1
ID74658,1
ID74659,0
ID74660,1
ID74661,0
ID74662,1
ID74663,1
ID74664,1
ID74665,1
ID74666,1
ID74667,1
ID74668,1
ID74669,1
ID74670,1
ID74671,1
ID74672,1
ID74673,0
ID74674,1
ID74675,0
ID74676,1
ID74677,1
ID74678,0
ID74679,1
ID74680,1
ID74681,1
ID74682,1
ID74683,1
ID74684,0
ID74685,1
ID74686,1
ID74687,1
ID74688,1
ID74689,1
ID74690,0
ID74691,1
ID74692,1
ID74693,0
ID74694,0
ID74695,1
ID74696,1
ID74697,0
ID74698,1
ID74699,1
ID74700,0
ID74701,0
ID74702,1
ID74703,0
ID74704,1
ID74705,0
ID74706,1
ID74707,1
ID74708,1
ID74709,1
ID74710,1
ID74711,1
ID74712,0
ID74713,1
ID74714,1
ID74715,0
ID74716,0
ID74717,1
ID74718,0
ID74719,0
ID74720,0
ID74721,0
ID74722,1
ID74723,0
ID74724,0
ID74725,1
ID74726,1
ID74727,1
ID74728,0
ID74729,1
ID74730,0
ID74731,1
ID74732,1
ID74733,0
ID74734,0
ID74735,1
ID74736,1
ID74737,1
ID74738,0
ID74739,1
ID74740,0
ID74741,0
ID74742,1
ID74743,0
ID74744,1
ID74745,0
ID74746,1
ID74747,0
ID74748,1
ID74749,1
ID74750,1
ID74751,1
ID74752,1
ID74753,1
ID74754,0
ID74755,1
ID74756,1
ID74757,1
ID74758,1
ID74759,1
ID74760,1
ID74761,0
ID74762,0
ID74763,1
ID74764,1
ID74765,1
ID74766,1
ID74767,0
ID74768,1
ID74769,0
ID74770,1
ID74771,1
ID74772,1
ID74773,1
ID74774,1
ID74775,1
ID74776,1
ID74777,1
ID74778,0
ID74779,1
ID74780,0
ID74781,0
ID74782,1
ID74783,1
ID74784,1
ID74785,0
ID74786,0
ID74787,1
ID74788,1
ID74789,1
ID74790,0
ID74791,1
ID74792,1
ID74793,1
ID74794,1
ID74795,1
ID74796,1
ID74797,0
ID74798,1
ID74799,0
ID74800,0
ID74801,1
ID74802,1
ID74803,0
ID74804,1
ID74805,1
ID74806,1
ID74807,0
ID74808,1
ID74809,1
ID74810,0
ID74811,1
ID74812,0
ID74813,1
ID74814,0
ID74815,1
ID74816,1
ID74817,0
ID74818,0
ID74819,1
ID74820,0
ID74821,0
ID74822,1
ID74823,1
ID74824,1
ID74825,1
ID74826,1
ID74827,1
ID74828,0
ID74829,1
ID74830,1
ID74831,1
ID74832,0
ID74833,1
ID74834,1
ID74835,1
ID74836,1
ID74837,1
ID74838,0
ID74839,1
ID74840,1
ID74841,1
ID74842,1
ID74843,1
ID74844,1
ID74845,0
ID74846,0
ID74847,1
ID74848,1
ID74849,0
ID74850,0
ID74851,1
ID74852,1
ID74853,1
ID74854,0
ID74855,0
ID74856,1
ID74857,1
ID74858,1
ID74859,1
ID74860,0
ID74861,0
ID74862,1
ID74863,1
ID74864,1
ID74865,1
ID74866,0
ID74867,0
ID74868,0
ID74869,1
ID74870,1
ID74871,1
ID74872,0
ID74873,1
ID74874,1
ID74875,0
ID74876,1
ID74877,1
ID74878,1
ID74879,1
ID74880,1
ID74881,0
ID74882,1
ID74883,1
ID74884,0
ID74885,1
ID74886,0
ID74887,1
ID74888,0
ID74889,1
ID74890,1
ID74891,1
ID74892,1
ID74893,1
ID74894,0
ID74895,1
ID74896,1
ID74897,0
ID74898,0
ID74899,1
ID74900,1
ID74901,1
ID74902,0
ID74903,1
ID74904,1
ID74905,0
ID74906,1
ID74907,1
ID74908,0
ID74909,1
ID74910,1
ID74911,1
ID74912,0
ID74913,0
ID74914,1
ID74915,0
ID74916,0
ID74917,0
ID74918,1
ID74919,1
ID74920,1
ID74921,1
ID74922,0
ID74923,1
ID74924,0
ID74925,1
ID74926,1
ID74927,0
ID74928,1
ID74929,0
ID74930,1
ID74931,1
ID74932,1
ID74933,0
ID74934,1
ID74935,0
ID74936,1
ID74937,1
ID74938,1
ID74939,0
ID74940,1
ID74941,0
ID74942,0
ID74943,1
ID74944,0
ID74945,0
ID74946,1
ID74947,1
ID74948,0
ID74949,1
ID74950,1
ID74951,1
ID74952,1
ID74953,1
ID74954,1
ID74955,1
ID74956,1
ID74957,0
ID74958,1
ID74959,1
ID74960,1
ID74961,1
ID74962,1
ID74963,0
ID74964,0
ID74965,0
ID74966,1
ID74967,1
ID74968,1
ID74969,0
ID74970,1
ID74971,1
ID74972,1
ID74973,1
ID74974,0
ID74975,1
ID74976,1
ID74977,1
ID74978,0
ID74979,0
ID74980,1
ID74981,0
ID74982,1
ID74983,0
ID74984,1
ID74985,1
ID74986,0
ID74987,0
ID74988,0
ID74989,1
ID74990,0
ID74991,1
ID74992,0
ID74993,1
ID74994,1
ID74995,1
ID74996,0
ID74997,1
ID74998,0
ID74999,1
ID75000,0
ID75001,1
ID75002,1
ID75003,1
ID75004,0
ID75005,1
ID75006,0
ID75007,1
ID75008,0
ID75009,1
ID75010,1
ID75011,0
ID75012,1
ID75013,0
ID75014,0
ID75015,1
ID75016,1
ID75017,0
ID75018,1
ID75019,1
ID75020,0
ID75021,1
ID75022,1
ID75023,1
ID75024,0
ID75025,1
ID75026,1
ID75027,1
ID75028,0
ID75029,0
ID75030,1
ID75031,1
ID75032,0
ID75033,1
ID75034,0
ID75035,1
ID75036,1
ID75037,0
ID75038,0
ID75039,1
ID75040,1
ID75041,1
ID75042,1
ID75043,1
ID75044,1
ID75045,1
ID75046,1
ID75047,1
ID75048,1
ID75049,0
ID75050,1
ID75051,1
ID75052,1
ID75053,1
ID75054,1
ID75055,1
ID75056,1
ID75057,0
ID75058,1
ID75059,0
ID75060,1
ID75061,1
ID75062,1
ID75063,1
ID75064,1
ID75065,1
ID75066,1
ID75067,1
ID75068,1
ID75069,1
ID75070,1
ID75071,0
ID75072,1
ID75073,1
ID75074,0
ID75075,1
ID75076,1
ID75077,0
ID75078,1
ID75079,1
ID75080,1
ID75081,1
ID75082,0
ID75083,1
ID75084,1
ID75085,1
ID75086,1
ID75087,0
ID75088,0
ID75089,1
ID75090,1
ID75091,1
ID75092,0
ID75093,0
ID75094,1
ID75095,1
ID75096,1
ID75097,1
ID75098,0
ID75099,0
ID75100,1
ID75101,0
ID75102,1
ID75103,0
ID75104,0
ID75105,0
ID75106,1
ID75107,1
ID75108,1
ID75109,1
ID75110,1
ID75111,0
ID75112,1
ID75113,0
ID75114,1
ID75115,1
ID75116,1
ID75117,1
ID75118,1
ID75119,1
ID75120,0
ID75121,1
ID75122,1
ID75123,1
ID75124,1
ID75125,0
ID75126,0
ID75127,1
ID75128,1
ID75129,1
ID75130,1
ID75131,1
ID75132,1
ID75133,1
ID75134,0
ID75135,1
ID75136,1
ID75137,1
ID75138,1
ID75139,1
ID75140,1
ID75141,0
ID75142,0
ID75143,0
ID75144,0
ID75145,1
ID75146,0
ID75147,1
ID75148,1
ID75149,1
ID75150,1
ID75151,1
ID75152,0
ID75153,1
ID75154,1
ID75155,0
ID75156,0
ID75157,1
ID75158,1
ID75159,0
ID75160,1
ID75161,1
ID75162,1
ID75163,1
ID75164,1
ID75165,0
ID75166,1
ID75167,0
ID75168,1
ID75169,1
ID75170,1
ID75171,1
ID75172,0
ID75173,1
ID75174,1
ID75175,1
ID75176,0
ID75177,0
ID75178,1
ID75179,1
ID75180,0
ID75181,1
ID75182,1
ID75183,1
ID75184,1
ID75185,1
ID75186,0
ID75187,1
ID75188,0
ID75189,1
ID75190,1
ID75191,1
ID75192,1
ID75193,1
ID75194,1
ID75195,1
ID75196,1
ID75197,1
ID75198,0
ID75199,1
ID75200,0
ID75201,1
ID75202,1
ID75203,0
ID75204,0
ID75205,1
ID75206,1
ID75207,1
ID75208,0
ID75209,1
ID75210,1
ID75211,1
ID75212,0
ID75213,0
ID75214,1
ID75215,1
ID75216,1
ID75217,1
ID75218,0
ID75219,1
ID75220,0
ID75221,1
ID75222,1
ID75223,0
ID75224,1
ID75225,1
ID75226,0
ID75227,1
ID75228,1
ID75229,0
ID75230,0
ID75231,1
ID75232,1
ID75233,0
ID75234,0
ID75235,1
ID75236,1
ID75237,1
ID75238,1
ID75239,0
ID75240,1
ID75241,0
ID75242,1
ID75243,1
ID75244,0
ID75245,0
ID75246,1
ID75247,1
ID75248,0
ID75249,0
ID75250,1
ID75251,1
ID75252,0
ID75253,0
ID75254,1
ID75255,0
ID75256,1
ID75257,0
ID75258,0
ID75259,1
ID75260,0
ID75261,1
ID75262,0
ID75263,1
ID75264,1
ID75265,0
ID75266,1
ID75267,1
ID75268,1
ID75269,0
ID75270,1
ID75271,1
ID75272,1
ID75273,0
ID75274,1
ID75275,0
ID75276,0
ID75277,0
ID75278,1
ID75279,0
ID75280,0
ID75281,1
ID75282,0
ID75283,0
ID75284,1
ID75285,1
ID75286,1
ID75287,0
ID75288,0
ID75289,1
ID75290,0
ID75291,1
ID75292,1
ID75293,0
ID75294,1
ID75295,0
ID75296,0
ID75297,0
ID75298,1
ID75299,1
ID75300,0
ID75301,1
ID75302,1
ID75303,1
ID75304,1
ID75305,1
ID75306,1
ID75307,1
ID75308,1
ID75309,1
ID75310,1
ID75311,0
ID75312,1
ID75313,1
ID75314,1
ID75315,0
ID75316,0
ID75317,1
ID75318,1
ID75319,1
ID75320,1
ID75321,1
ID75322,1
ID75323,1
ID75324,1
ID75325,1
ID75326,0
ID75327,1
ID75328,1
ID75329,1
ID75330,0
ID75331,1
ID75332,1
ID75333,0
ID75334,1
ID75335,1
ID75336,0
ID75337,1
ID75338,0
ID75339,1
ID75340,0
ID75341,1
ID75342,1
ID75343,1
ID75344,0
ID75345,0
ID75346,0
ID75347,1
ID75348,0
ID75349,1
ID75350,1
ID75351,1
ID75352,0
ID75353,1
ID75354,1
ID75355,1
ID75356,1
ID75357,0
ID75358,0
ID75359,0
ID75360,0
ID75361,1
ID75362,0
ID75363,1
ID75364,0
ID75365,1
ID75366,1
ID75367,0
ID75368,1
ID75369,1
ID75370,0
ID75371,1
ID75372,0
ID75373,1
ID75374,0
ID75375,0
ID75376,0
ID75377,1
ID75378,1
ID75379,1
ID75380,1
ID75381,1
ID75382,0
ID75383,0
ID75384,1
ID75385,1
ID75386,1
ID75387,1
ID75388,1
ID75389,1
ID75390,1
ID75391,1
ID75392,1
ID75393,1
ID75394,0
ID75395,0
ID75396,1
ID75397,1
ID75398,0
ID75399,0
ID75400,1
ID75401,1
ID75402,0
ID75403,0
ID75404,1
ID75405,0
ID75406,1
ID75407,1
ID75408,1
ID75409,1
ID75410,0
ID75411,0
ID75412,0
ID75413,0
ID75414,1
ID75415,1
ID75416,1
ID75417,1
ID75418,1
ID75419,1
ID75420,1
ID75421,1
ID75422,1
ID75423,0
ID75424,1
ID75425,1
ID75426,1
ID75427,1
ID75428,1
ID75429,1
ID75430,1
ID75431,0
ID75432,1
ID75433,1
ID75434,1
ID75435,0
ID75436,1
ID75437,1
ID75438,1
ID75439,1
ID75440,1
ID75441,1
ID75442,1
ID75443,0
ID75444,1
ID75445,1
ID75446,1
ID75447,1
ID75448,1
ID75449,1
ID75450,1
ID75451,0
ID75452,1
ID75453,1
ID75454,1
ID75455,1
ID75456,0
ID75457,1
ID75458,0
ID75459,1
ID75460,1
ID75461,1
ID75462,0
ID75463,0
ID75464,0
ID75465,1
ID75466,1
ID75467,1
ID75468,1
ID75469,1
ID75470,1
ID75471,0
ID75472,1
ID75473,1
ID75474,1
ID75475,0
ID75476,1
ID75477,1
ID75478,1
ID75479,1
ID75480,1
ID75481,1
ID75482,0
ID75483,1
ID75484,1
ID75485,1
ID75486,0
ID75487,1
ID75488,1
ID75489,1
ID75490,1
ID75491,0
ID75492,1
ID75493,1
ID75494,1
ID75495,1
ID75496,1
ID75497,1
ID75498,1
ID75499,1
ID75500,1
ID75501,1
ID75502,0
ID75503,1
ID75504,1
ID75505,0
ID75506,1
ID75507,0
ID75508,0
ID75509,1
ID75510,1
ID75511,0
ID75512,1
ID75513,1
ID75514,1
ID75515,0
ID75516,1
ID75517,1
ID75518,1
ID75519,0
ID75520,1
ID75521,1
ID75522,1
ID75523,1
ID75524,1
ID75525,1
ID75526,1
ID75527,1
ID75528,1
ID75529,1
ID75530,0
ID75531,0
ID75532,1
ID75533,1
ID75534,1
ID75535,1
ID75536,1
ID75537,0
ID75538,1
ID75539,1
ID75540,1
ID75541,0
ID75542,1
ID75543,1
ID75544,1
ID75545,1
ID75546,1
ID75547,0
ID75548,0
ID75549,0
ID75550,1
ID75551,1
ID75552,1
ID75553,1
ID75554,1
ID75555,1
ID75556,0
ID75557,1
ID75558,1
ID75559,1
ID75560,1
ID75561,1
ID75562,1
ID75563,1
ID75564,1
ID75565,0
ID75566,1
ID75567,1
ID75568,1
ID75569,0
ID75570,1
ID75571,1
ID75572,0
ID75573,1
ID75574,1
ID75575,1
ID75576,1
ID75577,1
ID75578,1
ID75579,0
ID75580,0
ID75581,1
ID75582,1
ID75583,0
ID75584,1
ID75585,0
ID75586,1
ID75587,0
ID75588,0
ID75589,1
ID75590,0
ID75591,1
ID75592,1
ID75593,1
ID75594,1
ID75595,0
ID75596,0
ID75597,1
ID75598,0
ID75599,1
ID75600,1
ID75601,1
ID75602,1
ID75603,1
ID75604,1
ID75605,1
ID75606,1
ID75607,1
ID75608,0
ID75609,1
ID75610,0
ID75611,0
ID75612,0
ID75613,1
ID75614,0
ID75615,1
ID75616,0
ID75617,0
ID75618,1
ID75619,0
ID75620,1
ID75621,1
ID75622,0
ID75623,1
ID75624,1
ID75625,1
ID75626,0
ID75627,0
ID75628,1
ID75629,0
ID75630,1
ID75631,1
ID75632,1
ID75633,1
ID75634,0
ID75635,1
ID75636,1
ID75637,0
ID75638,1
ID75639,0
ID75640,1
ID75641,1
ID75642,1
ID75643,0
ID75644,0
ID75645,0
ID75646,1
ID75647,0
ID75648,1
ID75649,1
ID75650,0
ID75651,1
ID75652,1
ID75653,1
ID75654,1
ID75655,0
ID75656,1
ID75657,1
ID75658,1
ID75659,1
ID75660,0
ID75661,0
ID75662,0
ID75663,1
ID75664,1
ID75665,0
ID75666,1
ID75667,0
ID75668,1
ID75669,1
ID75670,0
ID75671,1
ID75672,1
ID75673,1
ID75674,1
ID75675,1
ID75676,1
ID75677,1
ID75678,1
ID75679,1
ID75680,1
ID75681,1
ID75682,0
ID75683,0
ID75684,1
ID75685,1
ID75686,1
ID75687,1
ID75688,0
ID75689,1
ID75690,0
ID75691,1
ID75692,0
ID75693,1
ID75694,0
ID75695,1
ID75696,0
ID75697,1
ID75698,1
ID75699,0
ID75700,0
ID75701,1
ID75702,1
ID75703,1
ID75704,0
ID75705,1
ID75706,0
ID75707,1
ID75708,1
ID75709,1
ID75710,0
ID75711,1
ID75712,1
ID75713,1
ID75714,1
ID75715,0
ID75716,1
ID75717,1
ID75718,1
ID75719,1
ID75720,1
ID75721,1
ID75722,1
ID75723,0
ID75724,0
ID75725,1
ID75726,1
ID75727,0
ID75728,0
ID75729,1
ID75730,1
ID75731,1
ID75732,1
ID75733,0
ID75734,1
ID75735,1
ID75736,1
ID75737,0
ID75738,1
ID75739,0
ID75740,0
ID75741,1
ID75742,1
ID75743,0
ID75744,1
ID75745,0
ID75746,1
ID75747,1
ID75748,0
ID75749,1
ID75750,0
ID75751,1
ID75752,1
ID75753,1
ID75754,1
ID75755,1
ID75756,0
ID75757,0
ID75758,1
ID75759,1
ID75760,1
ID75761,0
ID75762,1
ID75763,1
ID75764,1
ID75765,0
ID75766,1
ID75767,1
ID75768,0
ID75769,1
ID75770,1
ID75771,0
ID75772,1
ID75773,1
ID75774,0
ID75775,1
ID75776,1
ID75777,0
ID75778,1
ID75779,0
ID75780,0
ID75781,1
ID75782,1
ID75783,1
ID75784,1
ID75785,0
ID75786,0
ID75787,1
ID75788,1
ID75789,1
ID75790,1
ID75791,1
ID75792,0
ID75793,1
ID75794,1
ID75795,1
ID75796,1
ID75797,0
ID75798,1
ID75799,1
ID75800,0
ID75801,1
ID75802,0
ID75803,1
ID75804,0
ID75805,1
ID75806,1
ID75807,1
ID75808,1
ID75809,0
ID75810,1
ID75811,1
ID75812,0
ID75813,1
ID75814,0
ID75815,1
ID75816,0
ID75817,1
ID75818,0
ID75819,1
ID75820,1
ID75821,1
ID75822,0
ID75823,1
ID75824,1
ID75825,1
ID75826,1
ID75827,1
ID75828,0
ID75829,0
ID75830,1
ID75831,0
ID75832,1
ID75833,0
ID75834,0
ID75835,0
ID75836,0
ID75837,1
ID75838,0
ID75839,1
ID75840,1
ID75841,1
ID75842,1
ID75843,1
ID75844,0
ID75845,1
ID75846,1
ID75847,0
ID75848,0
ID75849,0
ID75850,1
ID75851,0
ID75852,1
ID75853,1
ID75854,1
ID75855,0
ID75856,1
ID75857,0
ID75858,1
ID75859,1
ID75860,1
ID75861,1
ID75862,1
ID75863,1
ID75864,1
ID75865,1
ID75866,1
ID75867,0
ID75868,0
ID75869,1
ID75870,1
ID75871,1
ID75872,0
ID75873,0
ID75874,1
ID75875,1
ID75876,0
ID75877,1
ID75878,1
ID75879,1
ID75880,0
ID75881,1
ID75882,1
ID75883,1
ID75884,1
ID75885,0
ID75886,1
ID75887,0
ID75888,1
ID75889,0
ID75890,1
ID75891,1
ID75892,0
ID75893,1
ID75894,1
ID75895,1
ID75896,0
ID75897,0
ID75898,1
ID75899,1
ID75900,1
ID75901,0
ID75902,1
ID75903,1
ID75904,1
ID75905,1
ID75906,1
ID75907,1
ID75908,1
ID75909,1
ID75910,1
ID75911,1
ID75912,1
ID75913,1
ID75914,1
ID75915,1
ID75916,1
ID75917,1
ID75918,0
ID75919,0
ID75920,1
ID75921,0
ID75922,1
ID75923,0
ID75924,0
ID75925,1
ID75926,0
ID75927,1
ID75928,0
ID75929,1
ID75930,0
ID75931,1
ID75932,1
ID75933,0
ID75934,0
ID75935,0
ID75936,1
ID75937,0
ID75938,1
ID75939,0
ID75940,1
ID75941,1
ID75942,1
ID75943,1
ID75944,0
ID75945,1
ID75946,0
ID75947,0
ID75948,1
ID75949,1
ID75950,1
ID75951,1
ID75952,0
ID75953,0
ID75954,1
ID75955,1
ID75956,1
ID75957,1
ID75958,1
ID75959,1
ID75960,0
ID75961,0
ID75962,0
ID75963,1
ID75964,1
ID75965,1
ID75966,0
ID75967,1
ID75968,1
ID75969,0
ID75970,1
ID75971,1
ID75972,1
ID75973,1
ID75974,0
ID75975,0
ID75976,1
ID75977,0
ID75978,0
ID75979,1
ID75980,1
ID75981,0
ID75982,1
ID75983,1
ID75984,1
ID75985,0
ID75986,0
ID75987,1
ID75988,1
ID75989,0
ID75990,0
ID75991,1
ID75992,0
ID75993,1
ID75994,1
ID75995,0
ID75996,1
ID75997,1
ID75998,1
ID75999,0
ID76000,1
ID76001,0
ID76002,1
ID76003,0
ID76004,1
ID76005,0
ID76006,1
ID76007,1
ID76008,0
ID76009,0
ID76010,1
ID76011,1
ID76012,1
ID76013,1
ID76014,0
ID76015,1
ID76016,1
ID76017,0
ID76018,1
ID76019,0
ID76020,1
ID76021,1
ID76022,1
ID76023,0
ID76024,0
ID76025,0
ID76026,0
ID76027,1
ID76028,1
ID76029,1
ID76030,0
ID76031,1
ID76032,1
ID76033,1
ID76034,0
ID76035,1
ID76036,1
ID76037,0
ID76038,1
ID76039,1
ID76040,1
ID76041,1
ID76042,1
ID76043,0
ID76044,1
ID76045,1
ID76046,0
ID76047,1
ID76048,0
ID76049,0
ID76050,1
ID76051,1
ID76052,1
ID76053,1
ID76054,1
ID76055,1
ID76056,1
ID76057,1
ID76058,1
ID76059,0
ID76060,0
ID76061,1
ID76062,0
ID76063,1
ID76064,1
ID76065,1
ID76066,1
ID76067,0
ID76068,1
ID76069,1
ID76070,1
ID76071,1
ID76072,1
ID76073,0
ID76074,1
ID76075,1
ID76076,1
ID76077,1
ID76078,1
ID76079,0
ID76080,1
ID76081,1
ID76082,1
ID76083,1
ID76084,1
ID76085,0
ID76086,0
ID76087,0
ID76088,1
ID76089,1
ID76090,1
ID76091,0
ID76092,0
ID76093,1
ID76094,1
ID76095,0
ID76096,0
ID76097,0
ID76098,1
ID76099,1
ID76100,1
ID76101,0
ID76102,1
ID76103,0
ID76104,1
ID76105,1
ID76106,0
ID76107,0
ID76108,0
ID76109,1
ID76110,0
ID76111,1
ID76112,1
ID76113,1
ID76114,1
ID76115,1
ID76116,0
ID76117,1
ID76118,1
ID76119,1
ID76120,1
ID76121,1
ID76122,0
ID76123,1
ID76124,1
ID76125,1
ID76126,1
ID76127,1
ID76128,0
ID76129,1
ID76130,0
ID76131,1
ID76132,1
ID76133,0
ID76134,1
ID76135,1
ID76136,0
ID76137,1
ID76138,1
ID76139,1
ID76140,0
ID76141,1
ID76142,1
ID76143,1
ID76144,0
ID76145,0
ID76146,1
ID76147,1
ID76148,1
ID76149,0
ID76150,1
ID76151,1
ID76152,1
ID76153,1
ID76154,1
ID76155,1
ID76156,1
ID76157,0
ID76158,1
ID76159,0
ID76160,0
ID76161,1
ID76162,1
ID76163,1
ID76164,1
ID76165,1
ID76166,0
ID76167,0
ID76168,1
ID76169,1
ID76170,1
ID76171,1
ID76172,1
ID76173,1
ID76174,1
ID76175,0
ID76176,0
ID76177,1
ID76178,0
ID76179,0
ID76180,1
ID76181,0
ID76182,1
ID76183,1
ID76184,0
ID76185,0
ID76186,0
ID76187,1
ID76188,0
ID76189,1
ID76190,1
ID76191,1
ID76192,0
ID76193,1
ID76194,1
ID76195,1
ID76196,1
ID76197,1
ID76198,0
ID76199,1
ID76200,1
ID76201,1
ID76202,1
ID76203,1
ID76204,1
ID76205,1
ID76206,0
ID76207,1
ID76208,1
ID76209,1
ID76210,0
ID76211,1
ID76212,1
ID76213,1
ID76214,0
ID76215,1
ID76216,1
ID76217,1
ID76218,1
ID76219,1
ID76220,1
ID76221,1
ID76222,1
ID76223,0
ID76224,0
ID76225,1
ID76226,1
ID76227,1
ID76228,1
ID76229,1
ID76230,1
ID76231,1
ID76232,1
ID76233,0
ID76234,1
ID76235,1
ID76236,0
ID76237,1
ID76238,1
ID76239,0
ID76240,1
ID76241,1
ID76242,1
ID76243,0
ID76244,1
ID76245,1
ID76246,0
ID76247,0
ID76248,0
ID76249,1
ID76250,1
ID76251,1
ID76252,1
ID76253,0
ID76254,0
ID76255,1
ID76256,0
ID76257,1
ID76258,1
ID76259,0
ID76260,1
ID76261,1
ID76262,1
ID76263,0
ID76264,0
ID76265,1
ID76266,0
ID76267,1
ID76268,1
ID76269,1
ID76270,1
ID76271,0
ID76272,0
ID76273,1
ID76274,0
ID76275,1
ID76276,1
ID76277,1
ID76278,1
ID76279,1
ID76280,0
ID76281,1
ID76282,0
ID76283,1
ID76284,0
ID76285,0
ID76286,1
ID76287,1
ID76288,0
ID76289,1
ID76290,0
ID76291,0
ID76292,1
ID76293,1
ID76294,1
ID76295,1
ID76296,0
ID76297,0
ID76298,1
ID76299,1
ID76300,1
ID76301,1
ID76302,1
ID76303,1
ID76304,1
ID76305,1
ID76306,1
ID76307,0
ID76308,0
ID76309,1
ID76310,1
ID76311,0
ID76312,0
ID76313,0
ID76314,1
ID76315,0
ID76316,1
ID76317,1
ID76318,1
ID76319,1
ID76320,0
ID76321,1
ID76322,1
ID76323,1
ID76324,1
ID76325,1
ID76326,1
ID76327,1
ID76328,1
ID76329,0
ID76330,1
ID76331,1
ID76332,0
ID76333,0
ID76334,1
ID76335,1
ID76336,1
ID76337,1
ID76338,1
ID76339,1
ID76340,1
ID76341,0
ID76342,1
ID76343,1
ID76344,1
ID76345,1
ID76346,0
ID76347,0
ID76348,1
ID76349,0
ID76350,0
ID76351,1
ID76352,1
ID76353,1
ID76354,1
ID76355,0
ID76356,1
ID76357,1
ID76358,1
ID76359,1
ID76360,1
ID76361,1
ID76362,1
ID76363,1
ID76364,0
ID76365,1
ID76366,1
ID76367,1
ID76368,1
ID76369,1
ID76370,1
ID76371,1
ID76372,0
ID76373,0
ID76374,0
ID76375,0
ID76376,0
ID76377,1
ID76378,1
ID76379,0
ID76380,0
ID76381,0
ID76382,1
ID76383,1
ID76384,1
ID76385,0
ID76386,1
ID76387,1
ID76388,1
ID76389,1
ID76390,0
ID76391,0
ID76392,1
ID76393,0
ID76394,1
ID76395,1
ID76396,1
ID76397,0
ID76398,1
ID76399,1
ID76400,1
ID76401,1
ID76402,0
ID76403,1
ID76404,1
ID76405,1
ID76406,1
ID76407,1
ID76408,0
ID76409,1
ID76410,0
ID76411,1
ID76412,1
ID76413,1
ID76414,0
ID76415,1
ID76416,0
ID76417,1
ID76418,0
ID76419,1
ID76420,1
ID76421,1
ID76422,1
ID76423,1
ID76424,1
ID76425,1
ID76426,1
ID76427,1
ID76428,1
ID76429,1
ID76430,0
ID76431,1
ID76432,1
ID76433,0
ID76434,0
ID76435,1
ID76436,1
ID76437,1
ID76438,1
ID76439,0
ID76440,1
ID76441,1
ID76442,1
ID76443,0
ID76444,1
ID76445,0
ID76446,0
ID76447,1
ID76448,1
ID76449,1
ID76450,0
ID76451,1
ID76452,1
ID76453,0
ID76454,1
ID76455,0
ID76456,1
ID76457,0
ID76458,1
ID76459,1
ID76460,1
ID76461,0
ID76462,1
ID76463,1
ID76464,1
ID76465,0
ID76466,1
ID76467,1
ID76468,1
ID76469,1
ID76470,1
ID76471,1
ID76472,0
ID76473,1
ID76474,0
ID76475,1
ID76476,0
ID76477,1
ID76478,1
ID76479,0
ID76480,1
ID76481,0
ID76482,1
ID76483,1
ID76484,1
ID76485,1
ID76486,0
ID76487,1
ID76488,1
ID76489,1
ID76490,1
ID76491,1
ID76492,1
ID76493,0
ID76494,1
ID76495,1
ID76496,1
ID76497,1
ID76498,1
ID76499,1
ID76500,1
ID76501,1
ID76502,1
ID76503,0
ID76504,1
ID76505,1
ID76506,0
ID76507,0
ID76508,1
ID76509,0
ID76510,1
ID76511,1
ID76512,0
ID76513,1
ID76514,1
ID76515,1
ID76516,1
ID76517,0
ID76518,1
ID76519,1
ID76520,0
ID76521,1
ID76522,1
ID76523,1
ID76524,1
ID76525,0
ID76526,0
ID76527,1
ID76528,1
ID76529,1
ID76530,1
ID76531,1
ID76532,1
ID76533,1
ID76534,0
ID76535,0
ID76536,1
ID76537,0
ID76538,1
ID76539,0
ID76540,1
ID76541,0
ID76542,1
ID76543,0
ID76544,1
ID76545,1
ID76546,0
ID76547,0
ID76548,1
ID76549,0
ID76550,0
ID76551,0
ID76552,0
ID76553,1
ID76554,1
ID76555,1
ID76556,1
ID76557,1
ID76558,0
ID76559,1
ID76560,0
ID76561,1
ID76562,1
ID76563,1
ID76564,1
ID76565,1
ID76566,1
ID76567,0
ID76568,0
ID76569,1
ID76570,1
ID76571,1
ID76572,0
ID76573,0
ID76574,1
ID76575,1
ID76576,1
ID76577,0
ID76578,0
ID76579,1
ID76580,0
ID76581,1
ID76582,0
ID76583,0
ID76584,1
ID76585,1
ID76586,1
ID76587,1
ID76588,1
ID76589,1
ID76590,1
ID76591,1
ID76592,1
ID76593,1
ID76594,0
ID76595,1
ID76596,0
ID76597,0
ID76598,1
ID76599,0
ID76600,0
ID76601,1
ID76602,1
ID76603,0
ID76604,1
ID76605,1
ID76606,1
ID76607,0
ID76608,0
ID76609,1
ID76610,0
ID76611,0
ID76612,1
ID76613,1
ID76614,1
ID76615,1
ID76616,1
ID76617,0
ID76618,0
ID76619,1
ID76620,1
ID76621,1
ID76622,1
ID76623,0
ID76624,1
ID76625,1
ID76626,1
ID76627,1
ID76628,0
ID76629,1
ID76630,1
ID76631,1
ID76632,1
ID76633,1
ID76634,1
ID76635,1
ID76636,1
ID76637,0
ID76638,0
ID76639,1
ID76640,0
ID76641,0
ID76642,0
ID76643,1
ID76644,1
ID76645,0
ID76646,1
ID76647,1
ID76648,1
ID76649,1
ID76650,1
ID76651,0
ID76652,1
ID76653,0
ID76654,0
ID76655,1
ID76656,0
ID76657,1
ID76658,0
ID76659,0
ID76660,1
ID76661,0
ID76662,1
ID76663,0
ID76664,1
ID76665,0
ID76666,1
ID76667,0
ID76668,1
ID76669,0
ID76670,1
ID76671,0
ID76672,1
ID76673,1
ID76674,1
ID76675,0
ID76676,0
ID76677,1
ID76678,0
ID76679,1
ID76680,0
ID76681,1
ID76682,0
ID76683,1
ID76684,1
ID76685,0
ID76686,1
ID76687,1
ID76688,1
ID76689,0
ID76690,1
ID76691,1
ID76692,1
ID76693,1
ID76694,0
ID76695,1
ID76696,1
ID76697,0
ID76698,1
ID76699,0
ID76700,0
ID76701,1
ID76702,1
ID76703,1
ID76704,1
ID76705,0
ID76706,0
ID76707,0
ID76708,1
ID76709,1
ID76710,0
ID76711,0
ID76712,0
ID76713,0
ID76714,1
ID76715,0
ID76716,1
ID76717,1
ID76718,1
ID76719,1
ID76720,0
ID76721,0
ID76722,0
ID76723,0
ID76724,1
ID76725,0
ID76726,1
ID76727,1
ID76728,1
ID76729,1
ID76730,0
ID76731,1
ID76732,1
ID76733,0
ID76734,1
ID76735,1
ID76736,1
ID76737,1
ID76738,1
ID76739,1
ID76740,0
ID76741,1
ID76742,1
ID76743,1
ID76744,1
ID76745,0
ID76746,1
ID76747,1
ID76748,1
ID76749,1
ID76750,0
ID76751,0
ID76752,1
ID76753,1
ID76754,0
ID76755,1
ID76756,1
ID76757,1
ID76758,1
ID76759,0
ID76760,1
ID76761,1
ID76762,0
ID76763,1
ID76764,0
ID76765,1
ID76766,0
ID76767,0
ID76768,0
ID76769,1
ID76770,1
ID76771,0
ID76772,0
ID76773,1
ID76774,0
ID76775,1
ID76776,1
ID76777,1
ID76778,1
ID76779,1
ID76780,1
ID76781,1
ID76782,1
ID76783,1
ID76784,1
ID76785,0
ID76786,1
ID76787,1
ID76788,0
ID76789,1
ID76790,0
ID76791,0
ID76792,0
ID76793,0
ID76794,1
ID76795,1
ID76796,1
ID76797,1
ID76798,1
ID76799,1
ID76800,0
ID76801,1
ID76802,0
ID76803,1
ID76804,1
ID76805,1
ID76806,1
ID76807,1
ID76808,0
ID76809,1
ID76810,0
ID76811,1
ID76812,0
ID76813,1
ID76814,0
ID76815,1
ID76816,1
ID76817,0
ID76818,0
ID76819,1
ID76820,0
ID76821,1
ID76822,1
ID76823,1
ID76824,1
ID76825,1
ID76826,1
ID76827,1
ID76828,1
ID76829,0
ID76830,1
ID76831,1
ID76832,1
ID76833,1
ID76834,1
ID76835,1
ID76836,1
ID76837,0
ID76838,1
ID76839,1
ID76840,0
ID76841,1
ID76842,1
ID76843,0
ID76844,1
ID76845,0
ID76846,1
ID76847,0
ID76848,1
ID76849,1
ID76850,0
ID76851,0
ID76852,1
ID76853,1
ID76854,0
ID76855,1
ID76856,0
ID76857,1
ID76858,0
ID76859,1
ID76860,1
ID76861,1
ID76862,1
ID76863,1
ID76864,0
ID76865,1
ID76866,0
ID76867,1
ID76868,1
ID76869,1
ID76870,1
ID76871,1
ID76872,0
ID76873,0
ID76874,1
ID76875,1
ID76876,1
ID76877,1
ID76878,1
ID76879,1
ID76880,1
ID76881,0
ID76882,1
ID76883,1
ID76884,0
ID76885,1
ID76886,1
ID76887,0
ID76888,1
ID76889,0
ID76890,1
ID76891,1
ID76892,1
ID76893,0
ID76894,1
ID76895,1
ID76896,1
ID76897,1
ID76898,1
ID76899,0
ID76900,1
ID76901,0
ID76902,1
ID76903,0
ID76904,0
ID76905,1
ID76906,1
ID76907,1
ID76908,1
ID76909,0
ID76910,1
ID76911,0
ID76912,1
ID76913,1
ID76914,1
ID76915,1
ID76916,1
ID76917,1
ID76918,1
ID76919,1
ID76920,0
ID76921,0
ID76922,0
ID76923,0
ID76924,0
ID76925,0
ID76926,1
ID76927,1
ID76928,1
ID76929,0
ID76930,1
ID76931,1
ID76932,1
ID76933,0
ID76934,0
ID76935,0
ID76936,1
ID76937,0
ID76938,1
ID76939,1
ID76940,1
ID76941,1
ID76942,1
ID76943,1
ID76944,1
ID76945,1
ID76946,1
ID76947,1
ID76948,0
ID76949,1
ID76950,1
ID76951,1
ID76952,1
ID76953,1
ID76954,0
ID76955,1
ID76956,1
ID76957,0
ID76958,0
ID76959,1
ID76960,0
ID76961,1
ID76962,1
ID76963,1
ID76964,1
ID76965,0
ID76966,1
ID76967,1
ID76968,1
ID76969,0
ID76970,1
ID76971,1
ID76972,0
ID76973,0
ID76974,0
ID76975,1
ID76976,1
ID76977,0
ID76978,1
ID76979,1
ID76980,1
ID76981,1
ID76982,1
ID76983,0
ID76984,1
ID76985,1
ID76986,1
ID76987,1
ID76988,1
ID76989,0
ID76990,0
ID76991,1
ID76992,0
ID76993,1
ID76994,0
ID76995,0
ID76996,1
ID76997,1
ID76998,1
ID76999,1
ID77000,1
ID77001,0
ID77002,1
ID77003,0
ID77004,1
ID77005,0
ID77006,0
ID77007,1
ID77008,0
ID77009,1
ID77010,1
ID77011,1
ID77012,1
ID77013,0
ID77014,1
ID77015,1
ID77016,0
ID77017,0
ID77018,1
ID77019,1
ID77020,1
ID77021,0
ID77022,1
ID77023,0
ID77024,1
ID77025,0
ID77026,1
ID77027,1
ID77028,1
ID77029,0
ID77030,1
ID77031,0
ID77032,0
ID77033,1
ID77034,0
ID77035,1
ID77036,0
ID77037,0
ID77038,1
ID77039,0
ID77040,1
ID77041,1
ID77042,1
ID77043,1
ID77044,0
ID77045,0
ID77046,0
ID77047,0
ID77048,1
ID77049,1
ID77050,0
ID77051,1
ID77052,0
ID77053,1
ID77054,0
ID77055,1
ID77056,1
ID77057,0
ID77058,1
ID77059,0
ID77060,1
ID77061,1
ID77062,0
ID77063,1
ID77064,1
ID77065,1
ID77066,0
ID77067,0
ID77068,1
ID77069,0
ID77070,1
ID77071,0
ID77072,1
ID77073,1
ID77074,1
ID77075,1
ID77076,1
ID77077,1
ID77078,1
ID77079,1
ID77080,1
ID77081,1
ID77082,0
ID77083,1
ID77084,0
ID77085,0
ID77086,1
ID77087,1
ID77088,1
ID77089,0
ID77090,1
ID77091,0
ID77092,1
ID77093,1
ID77094,1
ID77095,1
ID77096,1
ID77097,0
ID77098,0
ID77099,1
ID77100,0
ID77101,0
ID77102,1
ID77103,1
ID77104,1
ID77105,1
ID77106,1
ID77107,1
ID77108,1
ID77109,0
ID77110,0
ID77111,0
ID77112,1
ID77113,1
ID77114,0
ID77115,1
ID77116,1
ID77117,0
ID77118,1
ID77119,0
ID77120,1
ID77121,1
ID77122,1
ID77123,1
ID77124,1
ID77125,1
ID77126,1
ID77127,1
ID77128,1
ID77129,0
ID77130,0
ID77131,1
ID77132,1
ID77133,1
ID77134,0
ID77135,1
ID77136,1
ID77137,1
ID77138,1
ID77139,1
ID77140,0
ID77141,1
ID77142,0
ID77143,1
ID77144,1
ID77145,0
ID77146,0
ID77147,1
ID77148,0
ID77149,0
ID77150,1
ID77151,0
ID77152,1
ID77153,1
ID77154,0
ID77155,1
ID77156,1
ID77157,1
ID77158,1
ID77159,1
ID77160,0
ID77161,1
ID77162,0
ID77163,1
ID77164,1
ID77165,0
ID77166,1
ID77167,0
ID77168,0
ID77169,1
ID77170,1
ID77171,1
ID77172,1
ID77173,1
ID77174,0
ID77175,1
ID77176,1
ID77177,1
ID77178,1
ID77179,1
ID77180,1
ID77181,1
ID77182,1
ID77183,1
ID77184,0
ID77185,1
ID77186,1
ID77187,0
ID77188,0
ID77189,0
ID77190,1
ID77191,1
ID77192,0
ID77193,1
ID77194,0
ID77195,0
ID77196,0
ID77197,0
ID77198,0
ID77199,1
ID77200,0
ID77201,1
ID77202,1
ID77203,1
ID77204,1
ID77205,1
ID77206,0
ID77207,0
ID77208,1
ID77209,1
ID77210,1
ID77211,0
ID77212,1
ID77213,1
ID77214,1
ID77215,1
ID77216,0
ID77217,0
ID77218,0
ID77219,0
ID77220,1
ID77221,0
ID77222,0
ID77223,0
ID77224,1
ID77225,0
ID77226,1
ID77227,0
ID77228,1
ID77229,1
ID77230,0
ID77231,1
ID77232,1
ID77233,0
ID77234,1
ID77235,0
ID77236,0
ID77237,1
ID77238,1
ID77239,1
ID77240,1
ID77241,0
ID77242,1
ID77243,0
ID77244,0
ID77245,1
ID77246,0
ID77247,0
ID77248,1
ID77249,1
ID77250,1
ID77251,1
ID77252,0
ID77253,1
ID77254,0
ID77255,1
ID77256,0
ID77257,0
ID77258,1
ID77259,1
ID77260,0
ID77261,0
ID77262,1
ID77263,1
ID77264,1
ID77265,0
ID77266,1
ID77267,0
ID77268,1
ID77269,1
ID77270,1
ID77271,1
ID77272,0
ID77273,1
ID77274,0
ID77275,0
ID77276,1
ID77277,1
ID77278,0
ID77279,0
ID77280,1
ID77281,1
ID77282,1
ID77283,0
ID77284,1
ID77285,0
ID77286,0
ID77287,0
ID77288,1
ID77289,1
ID77290,1
ID77291,1
ID77292,1
ID77293,1
ID77294,1
ID77295,0
ID77296,1
ID77297,1
ID77298,0
ID77299,0
ID77300,1
ID77301,1
ID77302,0
ID77303,1
ID77304,1
ID77305,0
ID77306,1
ID77307,1
ID77308,0
ID77309,1
ID77310,1
ID77311,0
ID77312,0
ID77313,1
ID77314,1
ID77315,0
ID77316,0
ID77317,1
ID77318,1
ID77319,0
ID77320,1
ID77321,1
ID77322,0
ID77323,0
ID77324,1
ID77325,1
ID77326,1
ID77327,0
ID77328,0
ID77329,1
ID77330,1
ID77331,1
ID77332,1
ID77333,0
ID77334,0
ID77335,1
ID77336,1
ID77337,0
ID77338,0
ID77339,0
ID77340,1
ID77341,1
ID77342,0
ID77343,1
ID77344,1
ID77345,0
ID77346,0
ID77347,1
ID77348,1
ID77349,1
ID77350,1
ID77351,1
ID77352,1
ID77353,1
ID77354,0
ID77355,1
ID77356,1
ID77357,0
ID77358,1
ID77359,1
ID77360,1
ID77361,1
ID77362,0
ID77363,0
ID77364,1
ID77365,1
ID77366,1
ID77367,1
ID77368,0
ID77369,0
ID77370,0
ID77371,0
ID77372,0
ID77373,1
ID77374,1
ID77375,0
ID77376,1
ID77377,1
ID77378,1
ID77379,1
ID77380,0
ID77381,1
ID77382,0
ID77383,1
ID77384,1
ID77385,0
ID77386,0
ID77387,1
ID77388,1
ID77389,1
ID77390,1
ID77391,1
ID77392,1
ID77393,1
ID77394,1
ID77395,0
ID77396,0
ID77397,1
ID77398,0
ID77399,0
ID77400,0
ID77401,0
ID77402,1
ID77403,0
ID77404,1
ID77405,1
ID77406,0
ID77407,1
ID77408,0
ID77409,1
ID77410,0
ID77411,0
ID77412,1
ID77413,1
ID77414,1
ID77415,1
ID77416,0
ID77417,0
ID77418,1
ID77419,1
ID77420,1
ID77421,0
ID77422,1
ID77423,0
ID77424,1
ID77425,1
ID77426,1
ID77427,0
ID77428,1
ID77429,0
ID77430,0
ID77431,1
ID77432,1
ID77433,0
ID77434,1
ID77435,1
ID77436,0
ID77437,1
ID77438,1
ID77439,1
ID77440,0
ID77441,1
ID77442,1
ID77443,1
ID77444,1
ID77445,0
ID77446,0
ID77447,1
ID77448,1
ID77449,0
ID77450,0
ID77451,1
ID77452,1
ID77453,1
ID77454,1
ID77455,1
ID77456,0
ID77457,0
ID77458,1
ID77459,1
ID77460,1
ID77461,1
ID77462,0
ID77463,0
ID77464,1
ID77465,1
ID77466,1
ID77467,0
ID77468,1
ID77469,0
ID77470,1
ID77471,1
ID77472,0
ID77473,1
ID77474,1
ID77475,1
ID77476,1
ID77477,1
ID77478,1
ID77479,1
ID77480,1
ID77481,1
ID77482,0
ID77483,0
ID77484,1
ID77485,1
ID77486,1
ID77487,1
ID77488,1
ID77489,0
ID77490,1
ID77491,1
ID77492,1
ID77493,1
ID77494,0
ID77495,1
ID77496,1
ID77497,1
ID77498,1
ID77499,1
ID77500,1
ID77501,1
ID77502,1
ID77503,1
ID77504,1
ID77505,1
ID77506,0
ID77507,0
ID77508,1
ID77509,1
ID77510,1
ID77511,1
ID77512,1
ID77513,0
ID77514,1
ID77515,0
ID77516,1
ID77517,1
ID77518,0
ID77519,1
ID77520,0
ID77521,1
ID77522,1
ID77523,1
ID77524,0
ID77525,1
ID77526,1
ID77527,0
ID77528,0
ID77529,1
ID77530,0
ID77531,1
ID77532,0
ID77533,1
ID77534,1
ID77535,1
ID77536,1
ID77537,1
ID77538,1
ID77539,1
ID77540,0
ID77541,1
ID77542,1
ID77543,1
ID77544,1
ID77545,0
ID77546,1
ID77547,1
ID77548,1
ID77549,1
ID77550,1
ID77551,0
ID77552,1
ID77553,1
ID77554,0
ID77555,1
ID77556,0
ID77557,1
ID77558,0
ID77559,0
ID77560,1
ID77561,1
ID77562,0
ID77563,0
ID77564,1
ID77565,0
ID77566,1
ID77567,0
ID77568,1
ID77569,1
ID77570,0
ID77571,1
ID77572,1
ID77573,1
ID77574,1
ID77575,0
ID77576,1
ID77577,1
ID77578,1
ID77579,1
ID77580,1
ID77581,0
ID77582,1
ID77583,0
ID77584,1
ID77585,0
ID77586,1
ID77587,1
ID77588,1
ID77589,0
ID77590,0
ID77591,0
ID77592,1
ID77593,1
ID77594,0
ID77595,1
ID77596,1
ID77597,1
ID77598,0
ID77599,0
ID77600,0
ID77601,0
ID77602,1
ID77603,1
ID77604,1
ID77605,1
ID77606,1
ID77607,1
ID77608,1
ID77609,0
ID77610,1
ID77611,1
ID77612,0
ID77613,1
ID77614,1
ID77615,1
ID77616,0
ID77617,1
ID77618,1
ID77619,1
ID77620,1
ID77621,1
ID77622,1
ID77623,1
ID77624,1
ID77625,1
ID77626,0
ID77627,0
ID77628,0
ID77629,1
ID77630,1
ID77631,0
ID77632,0
ID77633,0
ID77634,1
ID77635,1
ID77636,0
ID77637,1
ID77638,1
ID77639,1
ID77640,0
ID77641,0
ID77642,1
ID77643,1
ID77644,1
ID77645,1
ID77646,0
ID77647,1
ID77648,1
ID77649,1
ID77650,1
ID77651,1
ID77652,0
ID77653,0
ID77654,1
ID77655,0
ID77656,0
ID77657,0
ID77658,1
ID77659,0
ID77660,1
ID77661,0
ID77662,1
ID77663,1
ID77664,1
ID77665,1
ID77666,1
ID77667,1
ID77668,1
ID77669,0
ID77670,1
ID77671,0
ID77672,0
ID77673,1
ID77674,1
ID77675,0
ID77676,1
ID77677,1
ID77678,0
ID77679,0
ID77680,0
ID77681,1
ID77682,0
ID77683,1
ID77684,0
ID77685,1
ID77686,1
ID77687,1
ID77688,1
ID77689,1
ID77690,0
ID77691,0
ID77692,0
ID77693,0
ID77694,1
ID77695,0
ID77696,0
ID77697,1
ID77698,1
ID77699,1
ID77700,1
ID77701,1
ID77702,1
ID77703,0
ID77704,0
ID77705,1
ID77706,0
ID77707,0
ID77708,0
ID77709,1
ID77710,0
ID77711,0
ID77712,1
ID77713,0
ID77714,1
ID77715,1
ID77716,1
ID77717,1
ID77718,1
ID77719,1
ID77720,1
ID77721,1
ID77722,1
ID77723,1
ID77724,0
ID77725,0
ID77726,1
ID77727,1
ID77728,0
ID77729,0
ID77730,0
ID77731,1
ID77732,1
ID77733,1
ID77734,1
ID77735,1
ID77736,1
ID77737,1
ID77738,1
ID77739,1
ID77740,1
ID77741,1
ID77742,0
ID77743,1
ID77744,0
ID77745,1
ID77746,0
ID77747,1
ID77748,1
ID77749,1
ID77750,0
ID77751,1
ID77752,1
ID77753,1
ID77754,1
ID77755,1
ID77756,0
ID77757,1
ID77758,0
ID77759,1
ID77760,1
ID77761,0
ID77762,0
ID77763,1
ID77764,1
ID77765,0
ID77766,1
ID77767,0
ID77768,1
ID77769,0
ID77770,0
ID77771,0
ID77772,1
ID77773,1
ID77774,1
ID77775,0
ID77776,0
ID77777,1
ID77778,0
ID77779,1
ID77780,1
ID77781,0
ID77782,0
ID77783,0
ID77784,1
ID77785,1
ID77786,1
ID77787,0
ID77788,1
ID77789,0
ID77790,1
ID77791,0
ID77792,1
ID77793,1
ID77794,1
ID77795,1
ID77796,0
ID77797,1
ID77798,1
ID77799,1
ID77800,1
ID77801,0
ID77802,0
ID77803,1
ID77804,0
ID77805,1
ID77806,1
ID77807,1
ID77808,0
ID77809,1
ID77810,0
ID77811,1
ID77812,1
ID77813,1
ID77814,1
ID77815,0
ID77816,1
ID77817,0
ID77818,1
ID77819,1
ID77820,0
ID77821,1
ID77822,1
ID77823,0
ID77824,1
ID77825,1
ID77826,0
ID77827,0
ID77828,0
ID77829,0
ID77830,1
ID77831,0
ID77832,1
ID77833,1
ID77834,1
ID77835,1
ID77836,1
ID77837,1
ID77838,1
ID77839,1
ID77840,1
ID77841,1
ID77842,1
ID77843,1
ID77844,1
ID77845,0
ID77846,0
ID77847,1
ID77848,0
ID77849,1
ID77850,1
ID77851,0
ID77852,0
ID77853,0
ID77854,1
ID77855,0
ID77856,1
ID77857,1
ID77858,1
ID77859,0
ID77860,1
ID77861,0
ID77862,0
ID77863,0
ID77864,0
ID77865,1
ID77866,0
ID77867,0
ID77868,1
ID77869,1
ID77870,1
ID77871,1
ID77872,0
ID77873,1
ID77874,1
ID77875,0
ID77876,1
ID77877,1
ID77878,1
ID77879,0
ID77880,0
ID77881,1
ID77882,1
ID77883,1
ID77884,1
ID77885,0
ID77886,0
ID77887,0
ID77888,0
ID77889,1
ID77890,1
ID77891,1
ID77892,0
ID77893,1
ID77894,0
ID77895,0
ID77896,1
ID77897,0
ID77898,1
ID77899,0
ID77900,1
ID77901,0
ID77902,1
ID77903,1
ID77904,0
ID77905,1
ID77906,0
ID77907,1
ID77908,1
ID77909,1
ID77910,1
ID77911,1
ID77912,0
ID77913,0
ID77914,0
ID77915,0
ID77916,0
ID77917,1
ID77918,1
ID77919,1
ID77920,0
ID77921,1
ID77922,1
ID77923,1
ID77924,1
ID77925,1
ID77926,1
ID77927,1
ID77928,0
ID77929,1
ID77930,0
ID77931,1
ID77932,1
ID77933,0
ID77934,1
ID77935,0
ID77936,1
ID77937,0
ID77938,1
ID77939,0
ID77940,1
ID77941,1
ID77942,1
ID77943,0
ID77944,1
ID77945,1
ID77946,1
ID77947,1
ID77948,1
ID77949,0
ID77950,0
ID77951,0
ID77952,1
ID77953,1
ID77954,0
ID77955,1
ID77956,1
ID77957,0
ID77958,1
ID77959,1
ID77960,1
ID77961,1
ID77962,0
ID77963,1
ID77964,0
ID77965,1
ID77966,0
ID77967,1
ID77968,0
ID77969,0
ID77970,1
ID77971,1
ID77972,1
ID77973,1
ID77974,0
ID77975,1
ID77976,1
ID77977,1
ID77978,1
ID77979,1
ID77980,1
ID77981,1
ID77982,1
ID77983,0
ID77984,1
ID77985,1
ID77986,0
ID77987,0
ID77988,1
ID77989,1
ID77990,1
ID77991,1
ID77992,0
ID77993,1
ID77994,1
ID77995,1
ID77996,0
ID77997,1
ID77998,1
ID77999,1
ID78000,1
ID78001,1
ID78002,1
ID78003,1
ID78004,0
ID78005,0
ID78006,0
ID78007,1
ID78008,1
ID78009,1
ID78010,0
ID78011,1
ID78012,1
ID78013,0
ID78014,1
ID78015,1
ID78016,1
ID78017,1
ID78018,1
ID78019,1
ID78020,1
ID78021,0
ID78022,1
ID78023,1
ID78024,1
ID78025,0
ID78026,1
ID78027,1
ID78028,1
ID78029,1
ID78030,0
ID78031,1
ID78032,1
ID78033,0
ID78034,1
ID78035,1
ID78036,0
ID78037,1
ID78038,0
ID78039,0
ID78040,0
ID78041,1
ID78042,0
ID78043,0
ID78044,0
ID78045,1
ID78046,1
ID78047,1
ID78048,0
ID78049,1
ID78050,0
ID78051,0
ID78052,0
ID78053,1
ID78054,1
ID78055,1
ID78056,0
ID78057,1
ID78058,1
ID78059,1
ID78060,1
ID78061,0
ID78062,0
ID78063,0
ID78064,0
ID78065,1
ID78066,0
ID78067,1
ID78068,1
ID78069,1
ID78070,1
ID78071,0
ID78072,1
ID78073,0
ID78074,0
ID78075,1
ID78076,1
ID78077,1
ID78078,1
ID78079,1
ID78080,1
ID78081,1
ID78082,1
ID78083,1
ID78084,1
ID78085,1
ID78086,1
ID78087,1
ID78088,1
ID78089,1
ID78090,0
ID78091,0
ID78092,1
ID78093,0
ID78094,1
ID78095,1
ID78096,0
ID78097,1
ID78098,1
ID78099,1
ID78100,1
ID78101,0
ID78102,1
ID78103,1
ID78104,0
ID78105,1
ID78106,1
ID78107,0
ID78108,1
ID78109,0
ID78110,0
ID78111,1
ID78112,1
ID78113,1
ID78114,0
ID78115,1
ID78116,1
ID78117,1
ID78118,1
ID78119,1
ID78120,1
ID78121,1
ID78122,1
ID78123,0
ID78124,1
ID78125,1
ID78126,1
ID78127,1
ID78128,1
ID78129,0
ID78130,1
ID78131,1
ID78132,1
ID78133,0
ID78134,1
ID78135,0
ID78136,1
ID78137,0
ID78138,0
ID78139,0
ID78140,1
ID78141,1
ID78142,0
ID78143,0
ID78144,1
ID78145,1
ID78146,0
ID78147,1
ID78148,0
ID78149,1
ID78150,0
ID78151,1
ID78152,0
ID78153,1
ID78154,1
ID78155,1
ID78156,1
ID78157,0
ID78158,0
ID78159,1
ID78160,1
ID78161,1
ID78162,0
ID78163,1
ID78164,0
ID78165,0
ID78166,0
ID78167,0
ID78168,1
ID78169,1
ID78170,1
ID78171,1
ID78172,1
ID78173,1
ID78174,1
ID78175,1
ID78176,1
ID78177,1
ID78178,1
ID78179,1
ID78180,1
ID78181,1
ID78182,1
ID78183,1
ID78184,1
ID78185,1
ID78186,1
ID78187,1
ID78188,1
ID78189,1
ID78190,1
ID78191,1
ID78192,1
ID78193,0
ID78194,1
ID78195,0
ID78196,1
ID78197,1
ID78198,1
ID78199,0
ID78200,1
ID78201,1
ID78202,0
ID78203,0
ID78204,1
ID78205,0
ID78206,0
ID78207,1
ID78208,1
ID78209,0
ID78210,1
ID78211,1
ID78212,1
ID78213,1
ID78214,1
ID78215,1
ID78216,1
ID78217,1
ID78218,0
ID78219,0
ID78220,0
ID78221,0
ID78222,0
ID78223,0
ID78224,1
ID78225,0
ID78226,1
ID78227,0
ID78228,0
ID78229,1
ID78230,1
ID78231,0
ID78232,1
ID78233,1
ID78234,1
ID78235,0
ID78236,1
ID78237,0
ID78238,1
ID78239,0
ID78240,1
ID78241,0
ID78242,0
ID78243,1
ID78244,1
ID78245,0
ID78246,1
ID78247,1
ID78248,0
ID78249,1
ID78250,1
ID78251,1
ID78252,1
ID78253,1
ID78254,1
ID78255,0
ID78256,1
ID78257,0
ID78258,0
ID78259,1
ID78260,1
ID78261,1
ID78262,1
ID78263,0
ID78264,0
ID78265,1
ID78266,1
ID78267,0
ID78268,1
ID78269,0
ID78270,0
ID78271,1
ID78272,1
ID78273,1
ID78274,1
ID78275,0
ID78276,0
ID78277,0
ID78278,0
ID78279,1
ID78280,1
ID78281,0
ID78282,1
ID78283,1
ID78284,0
ID78285,1
ID78286,1
ID78287,0
ID78288,1
ID78289,1
ID78290,1
ID78291,1
ID78292,1
ID78293,1
ID78294,1
ID78295,0
ID78296,1
ID78297,1
ID78298,0
ID78299,1
ID78300,0
ID78301,1
ID78302,1
ID78303,1
ID78304,1
ID78305,1
ID78306,1
ID78307,0
ID78308,1
ID78309,1
ID78310,1
ID78311,0
ID78312,1
ID78313,1
ID78314,1
ID78315,1
ID78316,1
ID78317,1
ID78318,1
ID78319,1
ID78320,0
ID78321,1
ID78322,1
ID78323,1
ID78324,1
ID78325,1
ID78326,1
ID78327,0
ID78328,1
ID78329,0
ID78330,0
ID78331,0
ID78332,0
ID78333,1
ID78334,0
ID78335,1
ID78336,0
ID78337,0
ID78338,1
ID78339,1
ID78340,1
ID78341,1
ID78342,1
ID78343,1
ID78344,0
ID78345,1
ID78346,1
ID78347,0
ID78348,0
ID78349,0
ID78350,1
ID78351,0
ID78352,1
ID78353,0
ID78354,1
ID78355,0
ID78356,1
ID78357,1
ID78358,1
ID78359,1
ID78360,0
ID78361,1
ID78362,0
ID78363,1
ID78364,0
ID78365,1
ID78366,0
ID78367,1
ID78368,1
ID78369,1
ID78370,1
ID78371,1
ID78372,0
ID78373,1
ID78374,1
ID78375,1
ID78376,1
ID78377,1
ID78378,0
ID78379,0
ID78380,0
ID78381,1
ID78382,0
ID78383,1
ID78384,1
ID78385,1
ID78386,1
ID78387,1
ID78388,1
ID78389,1
ID78390,1
ID78391,1
ID78392,1
ID78393,1
ID78394,1
ID78395,0
ID78396,1
ID78397,1
ID78398,0
ID78399,1
ID78400,1
ID78401,1
ID78402,1
ID78403,1
ID78404,0
ID78405,1
ID78406,1
ID78407,1
ID78408,1
ID78409,1
ID78410,1
ID78411,1
ID78412,1
ID78413,1
ID78414,1
ID78415,1
ID78416,0
ID78417,1
ID78418,1
ID78419,0
ID78420,1
ID78421,1
ID78422,1
ID78423,1
ID78424,1
ID78425,0
ID78426,1
ID78427,1
ID78428,1
ID78429,1
ID78430,1
ID78431,1
ID78432,1
ID78433,1
ID78434,1
ID78435,0
ID78436,1
ID78437,1
ID78438,1
ID78439,0
ID78440,1
ID78441,1
ID78442,1
ID78443,0
ID78444,1
ID78445,1
ID78446,1
ID78447,1
ID78448,1
ID78449,1
ID78450,0
ID78451,0
ID78452,0
ID78453,1
ID78454,0
ID78455,1
ID78456,0
ID78457,1
ID78458,1
ID78459,0
ID78460,1
ID78461,0
ID78462,1
ID78463,1
ID78464,1
ID78465,0
ID78466,0
ID78467,1
ID78468,0
ID78469,0
ID78470,1
ID78471,1
ID78472,0
ID78473,1
ID78474,1
ID78475,0
ID78476,0
ID78477,1
ID78478,1
ID78479,1
ID78480,1
ID78481,1
ID78482,0
ID78483,1
ID78484,1
ID78485,1
ID78486,0
ID78487,1
ID78488,0
ID78489,1
ID78490,1
ID78491,1
ID78492,1
ID78493,1
ID78494,1
ID78495,0
ID78496,1
ID78497,0
ID78498,0
ID78499,1
ID78500,1
ID78501,1
ID78502,1
ID78503,1
ID78504,1
ID78505,1
ID78506,0
ID78507,1
ID78508,1
ID78509,0
ID78510,1
ID78511,1
ID78512,1
ID78513,0
ID78514,0
ID78515,1
ID78516,1
ID78517,1
ID78518,0
ID78519,1
ID78520,0
ID78521,0
ID78522,0
ID78523,1
ID78524,1
ID78525,1
ID78526,0
ID78527,1
ID78528,1
ID78529,0
ID78530,0
ID78531,1
ID78532,0
ID78533,0
ID78534,1
ID78535,1
ID78536,1
ID78537,1
ID78538,1
ID78539,0
ID78540,0
ID78541,1
ID78542,1
ID78543,0
ID78544,1
ID78545,1
ID78546,1
ID78547,1
ID78548,1
ID78549,0
ID78550,1
ID78551,1
ID78552,1
ID78553,0
ID78554,1
ID78555,0
ID78556,0
ID78557,1
ID78558,0
ID78559,1
ID78560,1
ID78561,1
ID78562,1
ID78563,1
ID78564,1
ID78565,1
ID78566,1
ID78567,1
ID78568,1
ID78569,1
ID78570,1
ID78571,0
ID78572,1
ID78573,1
ID78574,1
ID78575,1
ID78576,1
ID78577,1
ID78578,0
ID78579,0
ID78580,1
ID78581,1
ID78582,1
ID78583,1
ID78584,0
ID78585,0
ID78586,1
ID78587,1
ID78588,1
ID78589,1
ID78590,1
ID78591,1
ID78592,1
ID78593,1
ID78594,0
ID78595,1
ID78596,0
ID78597,1
ID78598,1
ID78599,1
ID78600,1
ID78601,0
ID78602,1
ID78603,1
ID78604,1
ID78605,1
ID78606,1
ID78607,0
ID78608,1
ID78609,1
ID78610,1
ID78611,1
ID78612,1
ID78613,1
ID78614,1
ID78615,0
ID78616,0
ID78617,0
ID78618,0
ID78619,1
ID78620,1
ID78621,1
ID78622,1
ID78623,0
ID78624,0
ID78625,1
ID78626,1
ID78627,1
ID78628,1
ID78629,0
ID78630,0
ID78631,0
ID78632,0
ID78633,1
ID78634,1
ID78635,1
ID78636,1
ID78637,1
ID78638,1
ID78639,0
ID78640,0
ID78641,1
ID78642,1
ID78643,1
ID78644,1
ID78645,0
ID78646,0
ID78647,1
ID78648,1
ID78649,1
ID78650,1
ID78651,1
ID78652,1
ID78653,1
ID78654,0
ID78655,0
ID78656,1
ID78657,0
ID78658,1
ID78659,1
ID78660,0
ID78661,1
ID78662,1
ID78663,1
ID78664,1
ID78665,1
ID78666,1
ID78667,0
ID78668,1
ID78669,1
ID78670,1
ID78671,1
ID78672,1
ID78673,0
ID78674,0
ID78675,1
ID78676,1
ID78677,1
ID78678,1
ID78679,1
ID78680,1
ID78681,1
ID78682,0
ID78683,1
ID78684,1
ID78685,1
ID78686,1
ID78687,1
ID78688,0
ID78689,0
ID78690,1
ID78691,1
ID78692,1
ID78693,1
ID78694,1
ID78695,1
ID78696,0
ID78697,1
ID78698,0
ID78699,1
ID78700,1
ID78701,0
ID78702,1
ID78703,1
ID78704,1
ID78705,0
ID78706,0
ID78707,0
ID78708,0
ID78709,1
ID78710,1
ID78711,1
ID78712,1
ID78713,1
ID78714,1
ID78715,0
ID78716,0
ID78717,1
ID78718,1
ID78719,1
ID78720,1
ID78721,1
ID78722,1
ID78723,0
ID78724,1
ID78725,0
ID78726,0
ID78727,0
ID78728,0
ID78729,1
ID78730,1
ID78731,0
ID78732,1
ID78733,1
ID78734,1
ID78735,1
ID78736,1
ID78737,1
ID78738,1
ID78739,1
ID78740,1
ID78741,0
ID78742,1
ID78743,1
ID78744,1
ID78745,1
ID78746,1
ID78747,1
ID78748,0
ID78749,1
ID78750,1
ID78751,1
ID78752,1
ID78753,1
ID78754,0
ID78755,1
ID78756,1
ID78757,0
ID78758,1
ID78759,1
ID78760,0
ID78761,1
ID78762,1
ID78763,1
ID78764,1
ID78765,1
ID78766,1
ID78767,0
ID78768,0
ID78769,0
ID78770,1
ID78771,1
ID78772,1
ID78773,0
ID78774,0
ID78775,1
ID78776,1
ID78777,1
ID78778,0
ID78779,1
ID78780,0
ID78781,1
ID78782,1
ID78783,0
ID78784,0
ID78785,1
ID78786,1
ID78787,1
ID78788,0
ID78789,1
ID78790,1
ID78791,1
ID78792,1
ID78793,0
ID78794,1
ID78795,1
ID78796,1
ID78797,0
ID78798,1
ID78799,1
ID78800,1
ID78801,1
ID78802,1
ID78803,0
ID78804,1
ID78805,1
ID78806,0
ID78807,1
ID78808,0
ID78809,0
ID78810,1
ID78811,1
ID78812,1
ID78813,1
ID78814,1
ID78815,0
ID78816,1
ID78817,1
ID78818,1
ID78819,1
ID78820,0
ID78821,1
ID78822,0
ID78823,0
ID78824,1
ID78825,1
ID78826,0
ID78827,1
ID78828,0
ID78829,0
ID78830,0
ID78831,1
ID78832,0
ID78833,1
ID78834,1
ID78835,1
ID78836,1
ID78837,1
ID78838,1
ID78839,0
ID78840,1
ID78841,1
ID78842,0
ID78843,1
ID78844,0
ID78845,1
ID78846,1
ID78847,1
ID78848,1
ID78849,0
ID78850,0
ID78851,0
ID78852,1
ID78853,0
ID78854,1
ID78855,0
ID78856,0
ID78857,0
ID78858,0
ID78859,0
ID78860,0
ID78861,1
ID78862,1
ID78863,1
ID78864,1
ID78865,1
ID78866,0
ID78867,1
ID78868,1
ID78869,0
ID78870,1
ID78871,1
ID78872,1
ID78873,1
ID78874,1
ID78875,1
ID78876,0
ID78877,1
ID78878,0
ID78879,1
ID78880,0
ID78881,1
ID78882,1
ID78883,0
ID78884,1
ID78885,1
ID78886,1
ID78887,1
ID78888,1
ID78889,1
ID78890,1
ID78891,0
ID78892,0
ID78893,1
ID78894,0
ID78895,1
ID78896,0
ID78897,1
ID78898,1
ID78899,1
ID78900,1
ID78901,0
ID78902,0
ID78903,1
ID78904,1
ID78905,0
ID78906,1
ID78907,1
ID78908,0
ID78909,1
ID78910,1
ID78911,0
ID78912,1
ID78913,1
ID78914,1
ID78915,0
ID78916,1
ID78917,0
ID78918,1
ID78919,1
ID78920,0
ID78921,1
ID78922,1
ID78923,1
ID78924,1
ID78925,1
ID78926,0
ID78927,0
ID78928,1
ID78929,1
ID78930,0
ID78931,1
ID78932,1
ID78933,1
ID78934,0
ID78935,1
ID78936,0
ID78937,1
ID78938,1
ID78939,1
ID78940,1
ID78941,0
ID78942,1
ID78943,1
ID78944,0
ID78945,1
ID78946,1
ID78947,1
ID78948,1
ID78949,1
ID78950,1
ID78951,1
ID78952,1
ID78953,0
ID78954,0
ID78955,0
ID78956,1
ID78957,1
ID78958,1
ID78959,1
ID78960,1
ID78961,0
ID78962,1
ID78963,0
ID78964,1
ID78965,1
ID78966,0
ID78967,1
ID78968,0
ID78969,0
ID78970,1
ID78971,1
ID78972,1
ID78973,1
ID78974,1
ID78975,0
ID78976,1
ID78977,0
ID78978,1
ID78979,1
ID78980,1
ID78981,1
ID78982,1
ID78983,1
ID78984,1
ID78985,1
ID78986,0
ID78987,1
ID78988,1
ID78989,0
ID78990,1
ID78991,0
ID78992,0
ID78993,1
ID78994,1
ID78995,1
ID78996,1
ID78997,0
ID78998,1
ID78999,0
ID79000,0
ID79001,1
ID79002,1
ID79003,0
ID79004,1
ID79005,0
ID79006,0
ID79007,0
ID79008,0
ID79009,1
ID79010,1
ID79011,1
ID79012,1
ID79013,0
ID79014,1
ID79015,1
ID79016,1
ID79017,1
ID79018,0
ID79019,1
ID79020,1
ID79021,0
ID79022,1
ID79023,1
ID79024,1
ID79025,0
ID79026,1
ID79027,1
ID79028,1
ID79029,1
ID79030,0
ID79031,0
ID79032,1
ID79033,1
ID79034,0
ID79035,1
ID79036,1
ID79037,1
ID79038,1
ID79039,1
ID79040,0
ID79041,1
ID79042,0
ID79043,0
ID79044,1
ID79045,0
ID79046,0
ID79047,0
ID79048,0
ID79049,0
ID79050,0
ID79051,1
ID79052,1
ID79053,1
ID79054,0
ID79055,1
ID79056,0
ID79057,0
ID79058,1
ID79059,0
ID79060,1
ID79061,1
ID79062,1
ID79063,1
ID79064,1
ID79065,1
ID79066,1
ID79067,0
ID79068,0
ID79069,1
ID79070,1
ID79071,0
ID79072,0
ID79073,1
ID79074,0
ID79075,1
ID79076,1
ID79077,1
ID79078,1
ID79079,0
ID79080,0
ID79081,1
ID79082,1
ID79083,1
ID79084,1
ID79085,0
ID79086,0
ID79087,1
ID79088,1
ID79089,1
ID79090,0
ID79091,1
ID79092,0
ID79093,1
ID79094,0
ID79095,1
ID79096,1
ID79097,0
ID79098,0
ID79099,1
ID79100,1
ID79101,0
ID79102,1
ID79103,1
ID79104,1
ID79105,1
ID79106,1
ID79107,1
ID79108,0
ID79109,1
ID79110,0
ID79111,1
ID79112,0
ID79113,1
ID79114,1
ID79115,1
ID79116,0
ID79117,0
ID79118,1
ID79119,1
ID79120,1
ID79121,1
ID79122,1
ID79123,1
ID79124,1
ID79125,1
ID79126,1
ID79127,1
ID79128,1
ID79129,1
ID79130,0
ID79131,0
ID79132,1
ID79133,1
ID79134,1
ID79135,1
ID79136,1
ID79137,0
ID79138,0
ID79139,0
ID79140,1
ID79141,0
ID79142,1
ID79143,1
ID79144,1
ID79145,1
ID79146,1
ID79147,1
ID79148,1
ID79149,1
ID79150,0
ID79151,1
ID79152,1
ID79153,1
ID79154,1
ID79155,1
ID79156,0
ID79157,1
ID79158,0
ID79159,1
ID79160,1
ID79161,0
ID79162,0
ID79163,0
ID79164,0
ID79165,1
ID79166,0
ID79167,1
ID79168,1
ID79169,1
ID79170,1
ID79171,0
ID79172,1
ID79173,0
ID79174,0
ID79175,0
ID79176,1
ID79177,0
ID79178,1
ID79179,1
ID79180,1
ID79181,0
ID79182,1
ID79183,1
ID79184,1
ID79185,1
ID79186,1
ID79187,0
ID79188,1
ID79189,1
ID79190,1
ID79191,0
ID79192,1
ID79193,1
ID79194,1
ID79195,1
ID79196,1
ID79197,0
ID79198,1
ID79199,1
ID79200,0
ID79201,1
ID79202,1
ID79203,0
ID79204,0
ID79205,0
ID79206,1
ID79207,0
ID79208,1
ID79209,1
ID79210,0
ID79211,1
ID79212,1
ID79213,0
ID79214,1
ID79215,1
ID79216,1
ID79217,0
ID79218,1
ID79219,1
ID79220,1
ID79221,1
ID79222,0
ID79223,0
ID79224,0
ID79225,0
ID79226,1
ID79227,0
ID79228,1
ID79229,1
ID79230,1
ID79231,0
ID79232,0
ID79233,0
ID79234,0
ID79235,1
ID79236,0
ID79237,1
ID79238,1
ID79239,1
ID79240,1
ID79241,0
ID79242,0
ID79243,1
ID79244,1
ID79245,1
ID79246,1
ID79247,0
ID79248,1
ID79249,0
ID79250,1
ID79251,1
ID79252,1
ID79253,1
ID79254,1
ID79255,0
ID79256,1
ID79257,1
ID79258,0
ID79259,1
ID79260,1
ID79261,1
ID79262,0
ID79263,0
ID79264,1
ID79265,1
ID79266,0
ID79267,1
ID79268,0
ID79269,1
ID79270,0
ID79271,1
ID79272,1
ID79273,1
ID79274,1
ID79275,1
ID79276,1
ID79277,1
ID79278,1
ID79279,1
ID79280,1
ID79281,0
ID79282,1
ID79283,0
ID79284,0
ID79285,1
ID79286,0
ID79287,0
ID79288,1
ID79289,0
ID79290,0
ID79291,1
ID79292,1
ID79293,1
ID79294,1
ID79295,1
ID79296,0
ID79297,1
ID79298,1
ID79299,0
ID79300,0
ID79301,1
ID79302,0
ID79303,1
ID79304,1
ID79305,1
ID79306,1
ID79307,1
ID79308,1
ID79309,1
ID79310,0
ID79311,1
ID79312,1
ID79313,1
ID79314,1
ID79315,1
ID79316,1
ID79317,0
ID79318,0
ID79319,1
ID79320,1
ID79321,1
ID79322,1
ID79323,0
ID79324,1
ID79325,1
ID79326,0
ID79327,0
ID79328,1
ID79329,0
ID79330,1
ID79331,1
ID79332,0
ID79333,0
ID79334,1
ID79335,1
ID79336,1
ID79337,1
ID79338,0
ID79339,1
ID79340,1
ID79341,1
ID79342,1
ID79343,1
ID79344,1
ID79345,1
ID79346,1
ID79347,1
ID79348,0
ID79349,1
ID79350,1
ID79351,1
ID79352,1
ID79353,0
ID79354,1
ID79355,0
ID79356,1
ID79357,1
ID79358,1
ID79359,1
ID79360,1
ID79361,0
ID79362,0
ID79363,0
ID79364,0
ID79365,0
ID79366,0
ID79367,1
ID79368,1
ID79369,1
ID79370,0
ID79371,0
ID79372,0
ID79373,1
ID79374,0
ID79375,1
ID79376,0
ID79377,1
ID79378,1
ID79379,1
ID79380,0
ID79381,1
ID79382,1
ID79383,0
ID79384,1
ID79385,1
ID79386,1
ID79387,1
ID79388,0
ID79389,0
ID79390,1
ID79391,0
ID79392,1
ID79393,1
ID79394,0
ID79395,1
ID79396,1
ID79397,1
ID79398,0
ID79399,1
ID79400,1
ID79401,0
ID79402,0
ID79403,1
ID79404,1
ID79405,1
ID79406,1
ID79407,1
ID79408,1
ID79409,1
ID79410,1
ID79411,1
ID79412,1
ID79413,1
ID79414,1
ID79415,1
ID79416,0
ID79417,1
ID79418,1
ID79419,1
ID79420,1
ID79421,1
ID79422,1
ID79423,1
ID79424,1
ID79425,1
ID79426,1
ID79427,1
ID79428,0
ID79429,1
ID79430,1
ID79431,0
ID79432,1
ID79433,1
ID79434,1
ID79435,1
ID79436,1
ID79437,1
ID79438,0
ID79439,1
ID79440,0
ID79441,0
ID79442,1
ID79443,0
ID79444,0
ID79445,1
ID79446,0
ID79447,0
ID79448,1
ID79449,0
ID79450,1
ID79451,1
ID79452,0
ID79453,1
ID79454,1
ID79455,0
ID79456,1
ID79457,1
ID79458,1
ID79459,0
ID79460,1
ID79461,1
ID79462,1
ID79463,1
ID79464,0
ID79465,1
ID79466,0
ID79467,0
ID79468,1
ID79469,0
ID79470,1
ID79471,1
ID79472,1
ID79473,1
ID79474,1
ID79475,1
ID79476,1
ID79477,0
ID79478,1
ID79479,1
ID79480,1
ID79481,1
ID79482,0
ID79483,1
ID79484,0
ID79485,0
ID79486,1
ID79487,0
ID79488,0
ID79489,1
ID79490,0
ID79491,1
ID79492,1
ID79493,1
ID79494,0
ID79495,1
ID79496,1
ID79497,1
ID79498,1
ID79499,1
ID79500,1
ID79501,1
ID79502,0
ID79503,1
ID79504,1
ID79505,1
ID79506,1
ID79507,1
ID79508,1
ID79509,1
ID79510,0
ID79511,1
ID79512,1
ID79513,0
ID79514,0
ID79515,1
ID79516,1
ID79517,1
ID79518,1
ID79519,1
ID79520,1
ID79521,1
ID79522,0
ID79523,1
ID79524,1
ID79525,1
ID79526,0
ID79527,0
ID79528,0
ID79529,1
ID79530,1
ID79531,1
ID79532,1
ID79533,0
ID79534,0
ID79535,1
ID79536,1
ID79537,0
ID79538,1
ID79539,1
ID79540,1
ID79541,1
ID79542,1
ID79543,1
ID79544,1
ID79545,1
ID79546,1
ID79547,1
ID79548,1
ID79549,1
ID79550,0
ID79551,0
ID79552,0
ID79553,1
ID79554,1
ID79555,1
ID79556,0
ID79557,0
ID79558,1
ID79559,1
ID79560,1
ID79561,1
ID79562,0
ID79563,0
ID79564,1
ID79565,1
ID79566,0
ID79567,1
ID79568,1
ID79569,1
ID79570,1
ID79571,1
ID79572,1
ID79573,1
ID79574,1
ID79575,1
ID79576,1
ID79577,0
ID79578,1
ID79579,1
ID79580,1
ID79581,0
ID79582,1
ID79583,1
ID79584,1
ID79585,1
ID79586,0
ID79587,1
ID79588,1
ID79589,1
ID79590,0
ID79591,0
ID79592,1
ID79593,1
ID79594,0
ID79595,0
ID79596,1
ID79597,1
ID79598,1
ID79599,1
ID79600,1
ID79601,0
ID79602,1
ID79603,0
ID79604,1
ID79605,0
ID79606,0
ID79607,1
ID79608,1
ID79609,1
ID79610,1
ID79611,1
ID79612,1
ID79613,1
ID79614,1
ID79615,0
ID79616,1
ID79617,0
ID79618,1
ID79619,0
ID79620,1
ID79621,1
ID79622,1
ID79623,1
ID79624,0
ID79625,1
ID79626,1
ID79627,1
ID79628,1
ID79629,1
ID79630,1
ID79631,1
ID79632,1
ID79633,0
ID79634,1
ID79635,1
ID79636,0
ID79637,1
ID79638,1
ID79639,1
ID79640,1
ID79641,1
ID79642,1
ID79643,0
ID79644,1
ID79645,1
ID79646,0
ID79647,0
ID79648,1
ID79649,1
ID79650,0
ID79651,0
ID79652,0
ID79653,1
ID79654,0
ID79655,0
ID79656,1
ID79657,1
ID79658,1
ID79659,1
ID79660,1
ID79661,0
ID79662,1
ID79663,1
ID79664,0
ID79665,0
ID79666,0
ID79667,0
ID79668,1
ID79669,1
ID79670,1
ID79671,0
ID79672,1
ID79673,1
ID79674,1
ID79675,1
ID79676,1
ID79677,0
ID79678,0
ID79679,1
ID79680,1
ID79681,1
ID79682,1
ID79683,0
ID79684,1
ID79685,0
ID79686,0
ID79687,1
ID79688,1
ID79689,0
ID79690,1
ID79691,1
ID79692,0
ID79693,0
ID79694,0
ID79695,1
ID79696,1
ID79697,0
ID79698,1
ID79699,1
ID79700,1
ID79701,0
ID79702,0
ID79703,0
ID79704,1
ID79705,1
ID79706,1
ID79707,1
ID79708,0
ID79709,0
ID79710,1
ID79711,1
ID79712,0
ID79713,0
ID79714,1
ID79715,1
ID79716,1
ID79717,0
ID79718,0
ID79719,1
ID79720,1
ID79721,1
ID79722,0
ID79723,0
ID79724,0
ID79725,1
ID79726,0
ID79727,1
ID79728,1
ID79729,1
ID79730,0
ID79731,1
ID79732,1
ID79733,1
ID79734,1
ID79735,0
ID79736,1
ID79737,1
ID79738,1
ID79739,1
ID79740,1
ID79741,1
ID79742,0
ID79743,0
ID79744,0
ID79745,1
ID79746,1
ID79747,1
ID79748,1
ID79749,0
ID79750,1
ID79751,1
ID79752,1
ID79753,0
ID79754,1
ID79755,1
ID79756,0
ID79757,0
ID79758,0
ID79759,1
ID79760,1
ID79761,1
ID79762,1
ID79763,1
ID79764,1
ID79765,0
ID79766,0
ID79767,1
ID79768,0
ID79769,1
ID79770,1
ID79771,1
ID79772,1
ID79773,1
ID79774,1
ID79775,1
ID79776,0
ID79777,0
ID79778,0
ID79779,1
ID79780,1
ID79781,0
ID79782,0
ID79783,1
ID79784,0
ID79785,1
ID79786,1
ID79787,1
ID79788,1
ID79789,0
ID79790,1
ID79791,1
ID79792,0
ID79793,1
ID79794,0
ID79795,0
ID79796,1
ID79797,1
ID79798,0
ID79799,0
ID79800,1
ID79801,0
ID79802,1
ID79803,1
ID79804,1
ID79805,1
ID79806,0
ID79807,1
ID79808,1
ID79809,0
ID79810,1
ID79811,1
ID79812,0
ID79813,1
ID79814,0
ID79815,0
ID79816,1
ID79817,1
ID79818,1
ID79819,0
ID79820,1
ID79821,1
ID79822,0
ID79823,1
ID79824,1
ID79825,1
ID79826,0
ID79827,0
ID79828,1
ID79829,1
ID79830,1
ID79831,1
ID79832,1
ID79833,0
ID79834,0
ID79835,0
ID79836,0
ID79837,1
ID79838,1
ID79839,1
ID79840,1
ID79841,1
ID79842,1
ID79843,1
ID79844,1
ID79845,0
ID79846,1
ID79847,1
ID79848,1
ID79849,1
ID79850,0
ID79851,0
ID79852,1
ID79853,0
ID79854,0
ID79855,1
ID79856,0
ID79857,1
ID79858,1
ID79859,0
ID79860,1
ID79861,1
ID79862,0
ID79863,1
ID79864,1
ID79865,1
ID79866,0
ID79867,1
ID79868,1
ID79869,0
ID79870,0
ID79871,0
ID79872,1
ID79873,1
ID79874,0
ID79875,1
ID79876,0
ID79877,1
ID79878,1
ID79879,1
ID79880,1
ID79881,0
ID79882,1
ID79883,1
ID79884,1
ID79885,1
ID79886,1
ID79887,0
ID79888,1
ID79889,1
ID79890,1
ID79891,1
ID79892,0
ID79893,0
ID79894,1
ID79895,1
ID79896,1
ID79897,0
ID79898,1
ID79899,1
ID79900,1
ID79901,1
ID79902,1
ID79903,1
ID79904,1
ID79905,1
ID79906,1
ID79907,0
ID79908,1
ID79909,1
ID79910,1
ID79911,1
ID79912,0
ID79913,1
ID79914,0
ID79915,1
ID79916,0
ID79917,0
ID79918,0
ID79919,1
ID79920,1
ID79921,1
ID79922,0
ID79923,1
ID79924,1
ID79925,1
ID79926,1
ID79927,1
ID79928,1
ID79929,1
ID79930,1
ID79931,0
ID79932,1
ID79933,0
ID79934,1
ID79935,1
ID79936,1
ID79937,0
ID79938,1
ID79939,1
ID79940,1
ID79941,0
ID79942,1
ID79943,0
ID79944,1
ID79945,1
ID79946,1
ID79947,1
ID79948,1
ID79949,0
ID79950,1
ID79951,1
ID79952,1
ID79953,0
ID79954,0
ID79955,1
ID79956,1
ID79957,0
ID79958,1
ID79959,1
ID79960,0
ID79961,1
ID79962,0
ID79963,1
ID79964,0
ID79965,0
ID79966,1
ID79967,1
ID79968,1
ID79969,1
ID79970,0
ID79971,0
ID79972,1
ID79973,0
ID79974,1
ID79975,1
ID79976,1
ID79977,1
ID79978,1
ID79979,1
ID79980,1
ID79981,1
ID79982,1
ID79983,1
ID79984,0
ID79985,1
ID79986,1
ID79987,0
ID79988,1
ID79989,1
ID79990,1
ID79991,1
ID79992,0
ID79993,1
ID79994,1
ID79995,1
ID79996,1
ID79997,0
ID79998,1
ID79999,1
ID80000,1
ID80001,0
ID80002,0
ID80003,0
ID80004,0
ID80005,0
ID80006,1
ID80007,0
ID80008,1
ID80009,0
ID80010,1
ID80011,0
ID80012,1
ID80013,1
ID80014,1
ID80015,1
ID80016,1
ID80017,1
ID80018,0
ID80019,1
ID80020,1
ID80021,0
ID80022,0
ID80023,1
ID80024,1
ID80025,0
ID80026,0
ID80027,0
ID80028,1
ID80029,0
ID80030,0
ID80031,1
ID80032,0
ID80033,0
ID80034,0
ID80035,1
ID80036,1
ID80037,1
ID80038,0
ID80039,0
ID80040,1
ID80041,1
ID80042,1
ID80043,0
ID80044,1
ID80045,0
ID80046,1
ID80047,1
ID80048,1
ID80049,1
ID80050,1
ID80051,0
ID80052,1
ID80053,1
ID80054,0
ID80055,1
ID80056,1
ID80057,0
ID80058,1
ID80059,1
ID80060,1
ID80061,1
ID80062,1
ID80063,1
ID80064,1
ID80065,1
ID80066,0
ID80067,1
ID80068,1
ID80069,1
ID80070,1
ID80071,1
ID80072,1
ID80073,0
ID80074,1
ID80075,1
ID80076,0
ID80077,1
ID80078,1
ID80079,1
ID80080,1
ID80081,0
ID80082,0
ID80083,1
ID80084,0
ID80085,0
ID80086,0
ID80087,1
ID80088,1
ID80089,0
ID80090,0
ID80091,0
ID80092,1
ID80093,1
ID80094,1
ID80095,1
ID80096,1
ID80097,1
ID80098,0
ID80099,1
ID80100,0
ID80101,1
ID80102,1
ID80103,1
ID80104,1
ID80105,0
ID80106,1
ID80107,0
ID80108,0
ID80109,1
ID80110,0
ID80111,1
ID80112,0
ID80113,0
ID80114,1
ID80115,1
ID80116,1
ID80117,0
ID80118,0
ID80119,1
ID80120,1
ID80121,1
ID80122,1
ID80123,0
ID80124,0
ID80125,0
ID80126,0
ID80127,0
ID80128,0
ID80129,0
ID80130,1
ID80131,0
ID80132,1
ID80133,1
ID80134,0
ID80135,0
ID80136,0
ID80137,0
ID80138,1
ID80139,1
ID80140,1
ID80141,0
ID80142,1
ID80143,1
ID80144,1
ID80145,0
ID80146,0
ID80147,0
ID80148,0
ID80149,1
ID80150,1
ID80151,1
ID80152,1
ID80153,1
ID80154,0
ID80155,0
ID80156,1
ID80157,1
ID80158,0
ID80159,1
ID80160,1
ID80161,1
ID80162,1
ID80163,1
ID80164,0
ID80165,1
ID80166,1
ID80167,1
ID80168,1
ID80169,1
ID80170,1
ID80171,1
ID80172,1
ID80173,1
ID80174,0
ID80175,0
ID80176,1
ID80177,0
ID80178,0
ID80179,0
ID80180,1
ID80181,1
ID80182,1
ID80183,0
ID80184,1
ID80185,1
ID80186,1
ID80187,1
ID80188,1
ID80189,0
ID80190,0
ID80191,1
ID80192,0
ID80193,1
ID80194,0
ID80195,1
ID80196,1
ID80197,1
ID80198,1
ID80199,1
ID80200,1
ID80201,1
ID80202,1
ID80203,1
ID80204,1
ID80205,1
ID80206,1
ID80207,1
ID80208,1
ID80209,0
ID80210,1
ID80211,1
ID80212,1
ID80213,0
ID80214,0
ID80215,1
ID80216,1
ID80217,1
ID80218,1
ID80219,1
ID80220,1
ID80221,0
ID80222,0
ID80223,1
ID80224,1
ID80225,1
ID80226,1
ID80227,1
ID80228,0
ID80229,1
ID80230,1
ID80231,0
ID80232,1
ID80233,1
ID80234,1
ID80235,1
ID80236,0
ID80237,1
ID80238,0
ID80239,1
ID80240,1
ID80241,1
ID80242,0
ID80243,1
ID80244,1
ID80245,1
ID80246,1
ID80247,1
ID80248,1
ID80249,1
ID80250,1
ID80251,1
ID80252,1
ID80253,1
ID80254,1
ID80255,1
ID80256,1
ID80257,1
ID80258,1
ID80259,1
ID80260,1
ID80261,1
ID80262,1
ID80263,1
ID80264,0
ID80265,1
ID80266,1
ID80267,1
ID80268,0
ID80269,1
ID80270,1
ID80271,0
ID80272,1
ID80273,1
ID80274,1
ID80275,0
ID80276,0
ID80277,0
ID80278,1
ID80279,1
ID80280,1
ID80281,0
ID80282,0
ID80283,0
ID80284,0
ID80285,1
ID80286,1
ID80287,0
ID80288,1
ID80289,0
ID80290,1
ID80291,0
ID80292,0
ID80293,1
ID80294,1
ID80295,1
ID80296,1
ID80297,1
ID80298,1
ID80299,1
ID80300,1
ID80301,1
ID80302,1
ID80303,1
ID80304,1
ID80305,0
ID80306,0
ID80307,1
ID80308,1
ID80309,1
ID80310,0
ID80311,1
ID80312,1
ID80313,0
ID80314,1
ID80315,1
ID80316,1
ID80317,1
ID80318,1
ID80319,1
ID80320,1
ID80321,1
ID80322,1
ID80323,0
ID80324,1
ID80325,1
ID80326,1
ID80327,1
ID80328,1
ID80329,0
ID80330,1
ID80331,1
ID80332,0
ID80333,1
ID80334,0
ID80335,1
ID80336,1
ID80337,1
ID80338,0
ID80339,1
ID80340,0
ID80341,0
ID80342,1
ID80343,1
ID80344,0
ID80345,1
ID80346,0
ID80347,0
ID80348,1
ID80349,1
ID80350,0
ID80351,1
ID80352,1
ID80353,1
ID80354,1
ID80355,1
ID80356,0
ID80357,0
ID80358,1
ID80359,1
ID80360,1
ID80361,0
ID80362,1
ID80363,1
ID80364,0
ID80365,1
ID80366,1
ID80367,1
ID80368,1
ID80369,1
ID80370,0
ID80371,1
ID80372,1
ID80373,0
ID80374,0
ID80375,1
ID80376,1
ID80377,0
ID80378,1
ID80379,1
ID80380,1
ID80381,1
ID80382,0
ID80383,0
ID80384,1
ID80385,1
ID80386,1
ID80387,1
ID80388,0
ID80389,1
ID80390,1
ID80391,1
ID80392,0
ID80393,1
ID80394,1
ID80395,1
ID80396,1
ID80397,1
ID80398,1
ID80399,1
ID80400,0
ID80401,1
ID80402,1
ID80403,0
ID80404,1
ID80405,1
ID80406,0
ID80407,1
ID80408,1
ID80409,1
ID80410,1
ID80411,0
ID80412,0
ID80413,1
ID80414,1
ID80415,0
ID80416,1
ID80417,1
ID80418,1
ID80419,1
ID80420,1
ID80421,1
ID80422,1
ID80423,1
ID80424,1
ID80425,0
ID80426,1
ID80427,1
ID80428,0
ID80429,1
ID80430,1
ID80431,1
ID80432,1
ID80433,1
ID80434,1
ID80435,1
ID80436,1
ID80437,1
ID80438,0
ID80439,1
ID80440,1
ID80441,1
ID80442,0
ID80443,1
ID80444,0
ID80445,1
ID80446,0
ID80447,0
ID80448,0
ID80449,1
ID80450,1
ID80451,1
ID80452,1
ID80453,1
ID80454,0
ID80455,1
ID80456,1
ID80457,0
ID80458,1
ID80459,1
ID80460,1
ID80461,0
ID80462,0
ID80463,0
ID80464,1
ID80465,0
ID80466,1
ID80467,1
ID80468,1
ID80469,0
ID80470,1
ID80471,1
ID80472,1
ID80473,1
ID80474,1
ID80475,1
ID80476,0
ID80477,0
ID80478,1
ID80479,0
ID80480,1
ID80481,0
ID80482,0
ID80483,0
ID80484,1
ID80485,1
ID80486,0
ID80487,1
ID80488,0
ID80489,0
ID80490,1
ID80491,1
ID80492,0
ID80493,1
ID80494,0
ID80495,1
ID80496,0
ID80497,0
ID80498,1
ID80499,0
ID80500,0
ID80501,1
ID80502,1
ID80503,0
ID80504,0
ID80505,0
ID80506,0
ID80507,1
ID80508,1
ID80509,1
ID80510,1
ID80511,1
ID80512,0
ID80513,1
ID80514,0
ID80515,1
ID80516,1
ID80517,1
ID80518,1
ID80519,0
ID80520,1
ID80521,1
ID80522,1
ID80523,1
ID80524,1
ID80525,0
ID80526,0
ID80527,0
ID80528,1
ID80529,1
ID80530,1
ID80531,1
ID80532,0
ID80533,1
ID80534,0
ID80535,0
ID80536,1
ID80537,1
ID80538,1
ID80539,1
ID80540,1
ID80541,1
ID80542,1
ID80543,1
ID80544,1
ID80545,0
ID80546,0
ID80547,1
ID80548,1
ID80549,1
ID80550,1
ID80551,0
ID80552,1
ID80553,1
ID80554,1
ID80555,1
ID80556,1
ID80557,0
ID80558,0
ID80559,1
ID80560,1
ID80561,0
ID80562,1
ID80563,0
ID80564,1
ID80565,0
ID80566,1
ID80567,0
ID80568,1
ID80569,1
ID80570,1
ID80571,1
ID80572,0
ID80573,0
ID80574,1
ID80575,0
ID80576,0
ID80577,1
ID80578,0
ID80579,1
ID80580,0
ID80581,1
ID80582,1
ID80583,1
ID80584,1
ID80585,1
ID80586,1
ID80587,0
ID80588,0
ID80589,1
ID80590,1
ID80591,1
ID80592,1
ID80593,1
ID80594,1
ID80595,1
ID80596,0
ID80597,1
ID80598,1
ID80599,1
ID80600,1
ID80601,1
ID80602,1
ID80603,1
ID80604,1
ID80605,0
ID80606,1
ID80607,0
ID80608,1
ID80609,0
ID80610,0
ID80611,0
ID80612,1
ID80613,1
ID80614,1
ID80615,0
ID80616,1
ID80617,1
ID80618,0
ID80619,1
ID80620,1
ID80621,0
ID80622,0
ID80623,0
ID80624,1
ID80625,1
ID80626,0
ID80627,0
ID80628,1
ID80629,1
ID80630,1
ID80631,1
ID80632,1
ID80633,0
ID80634,1
ID80635,1
ID80636,1
ID80637,1
ID80638,1
ID80639,0
ID80640,1
ID80641,1
ID80642,1
ID80643,1
ID80644,1
ID80645,0
ID80646,1
ID80647,1
ID80648,1
ID80649,1
ID80650,1
ID80651,1
ID80652,0
ID80653,1
ID80654,1
ID80655,0
ID80656,1
ID80657,1
ID80658,1
ID80659,0
ID80660,1
ID80661,1
ID80662,1
ID80663,1
ID80664,1
ID80665,1
ID80666,1
ID80667,1
ID80668,0
ID80669,1
ID80670,1
ID80671,0
ID80672,1
ID80673,0
ID80674,1
ID80675,0
ID80676,1
ID80677,1
ID80678,1
ID80679,1
ID80680,1
ID80681,1
ID80682,0
ID80683,1
ID80684,1
ID80685,0
ID80686,1
ID80687,1
ID80688,1
ID80689,1
ID80690,0
ID80691,0
ID80692,1
ID80693,1
ID80694,1
ID80695,0
ID80696,1
ID80697,0
ID80698,1
ID80699,0
ID80700,1
ID80701,1
ID80702,0
ID80703,0
ID80704,1
ID80705,1
ID80706,1
ID80707,1
ID80708,1
ID80709,1
ID80710,1
ID80711,1
ID80712,1
ID80713,0
ID80714,1
ID80715,1
ID80716,1
ID80717,1
ID80718,1
ID80719,0
ID80720,0
ID80721,0
ID80722,1
ID80723,1
ID80724,1
ID80725,1
ID80726,0
ID80727,1
ID80728,1
ID80729,1
ID80730,1
ID80731,1
ID80732,1
ID80733,0
ID80734,1
ID80735,0
ID80736,0
ID80737,1
ID80738,1
ID80739,1
ID80740,1
ID80741,1
ID80742,1
ID80743,1
ID80744,1
ID80745,1
ID80746,1
ID80747,1
ID80748,1
ID80749,1
ID80750,1
ID80751,0
ID80752,1
ID80753,1
ID80754,1
ID80755,1
ID80756,1
ID80757,1
ID80758,1
ID80759,1
ID80760,1
ID80761,1
ID80762,0
ID80763,1
ID80764,1
ID80765,1
ID80766,1
ID80767,0
ID80768,1
ID80769,1
ID80770,1
ID80771,1
ID80772,0
ID80773,1
ID80774,0
ID80775,0
ID80776,1
ID80777,1
ID80778,1
ID80779,1
ID80780,1
ID80781,1
ID80782,1
ID80783,0
ID80784,1
ID80785,1
ID80786,1
ID80787,1
ID80788,1
ID80789,0
ID80790,0
ID80791,0
ID80792,1
ID80793,0
ID80794,1
ID80795,1
ID80796,1
ID80797,0
ID80798,1
ID80799,1
ID80800,0
ID80801,1
ID80802,1
ID80803,1
ID80804,1
ID80805,1
ID80806,0
ID80807,0
ID80808,1
ID80809,1
ID80810,1
ID80811,0
ID80812,1
ID80813,0
ID80814,0
ID80815,0
ID80816,1
ID80817,0
ID80818,1
ID80819,1
ID80820,1
ID80821,1
ID80822,1
ID80823,1
ID80824,0
ID80825,0
ID80826,1
ID80827,1
ID80828,1
ID80829,1
ID80830,0
ID80831,1
ID80832,1
ID80833,0
ID80834,0
ID80835,1
ID80836,1
ID80837,1
ID80838,1
ID80839,0
ID80840,1
ID80841,1
ID80842,1
ID80843,1
ID80844,1
ID80845,1
ID80846,0
ID80847,0
ID80848,1
ID80849,1
ID80850,1
ID80851,1
ID80852,1
ID80853,0
ID80854,0
ID80855,1
ID80856,1
ID80857,0
ID80858,0
ID80859,1
ID80860,1
ID80861,1
ID80862,0
ID80863,1
ID80864,1
ID80865,1
ID80866,0
ID80867,1
ID80868,1
ID80869,1
ID80870,1
ID80871,0
ID80872,0
ID80873,1
ID80874,1
ID80875,1
ID80876,1
ID80877,1
ID80878,0
ID80879,0
ID80880,1
ID80881,1
ID80882,1
ID80883,1
ID80884,1
ID80885,1
ID80886,1
ID80887,1
ID80888,0
ID80889,0
ID80890,0
ID80891,1
ID80892,1
ID80893,1
ID80894,0
ID80895,1
ID80896,1
ID80897,1
ID80898,1
ID80899,0
ID80900,1
ID80901,0
ID80902,0
ID80903,0
ID80904,1
ID80905,1
ID80906,0
ID80907,1
ID80908,1
ID80909,1
ID80910,1
ID80911,1
ID80912,0
ID80913,0
ID80914,0
ID80915,0
ID80916,1
ID80917,1
ID80918,1
ID80919,1
ID80920,0
ID80921,1
ID80922,1
ID80923,1
ID80924,0
ID80925,1
ID80926,1
ID80927,0
ID80928,1
ID80929,1
ID80930,1
ID80931,1
ID80932,0
ID80933,1
ID80934,1
ID80935,1
ID80936,1
ID80937,1
ID80938,1
ID80939,1
ID80940,0
ID80941,0
ID80942,1
ID80943,0
ID80944,1
ID80945,0
ID80946,1
ID80947,1
ID80948,0
ID80949,1
ID80950,1
ID80951,1
ID80952,1
ID80953,0
ID80954,1
ID80955,1
ID80956,1
ID80957,1
ID80958,1
ID80959,1
ID80960,1
ID80961,0
ID80962,0
ID80963,1
ID80964,0
ID80965,1
ID80966,1
ID80967,1
ID80968,1
ID80969,1
ID80970,0
ID80971,1
ID80972,1
ID80973,1
ID80974,0
ID80975,0
ID80976,0
ID80977,1
ID80978,0
ID80979,1
ID80980,0
ID80981,0
ID80982,0
ID80983,1
ID80984,0
ID80985,0
ID80986,1
ID80987,0
ID80988,0
ID80989,0
ID80990,0
ID80991,1
ID80992,1
ID80993,1
ID80994,0
ID80995,0
ID80996,0
ID80997,1
ID80998,1
ID80999,0
ID81000,0
ID81001,1
ID81002,1
ID81003,1
ID81004,1
ID81005,1
ID81006,1
ID81007,0
ID81008,0
ID81009,1
ID81010,1
ID81011,0
ID81012,0
ID81013,1
ID81014,0
ID81015,1
ID81016,1
ID81017,1
ID81018,1
ID81019,1
ID81020,0
ID81021,0
ID81022,1
ID81023,0
ID81024,1
ID81025,0
ID81026,0
ID81027,0
ID81028,1
ID81029,1
ID81030,0
ID81031,1
ID81032,1
ID81033,1
ID81034,0
ID81035,1
ID81036,0
ID81037,0
ID81038,1
ID81039,1
ID81040,0
ID81041,0
ID81042,1
ID81043,1
ID81044,1
ID81045,1
ID81046,0
ID81047,1
ID81048,1
ID81049,1
ID81050,1
ID81051,0
ID81052,0
ID81053,1
ID81054,1
ID81055,0
ID81056,0
ID81057,0
ID81058,0
ID81059,1
ID81060,1
ID81061,1
ID81062,1
ID81063,1
ID81064,0
ID81065,1
ID81066,1
ID81067,1
ID81068,0
ID81069,0
ID81070,1
ID81071,1
ID81072,0
ID81073,0
ID81074,1
ID81075,0
ID81076,1
ID81077,0
ID81078,1
ID81079,0
ID81080,0
ID81081,1
ID81082,0
ID81083,0
ID81084,0
ID81085,0
ID81086,1
ID81087,0
ID81088,1
ID81089,1
ID81090,1
ID81091,1
ID81092,0
ID81093,0
ID81094,1
ID81095,1
ID81096,0
ID81097,1
ID81098,1
ID81099,1
ID81100,1
ID81101,1
ID81102,1
ID81103,1
ID81104,0
ID81105,1
ID81106,1
ID81107,1
ID81108,0
ID81109,0
ID81110,1
ID81111,0
ID81112,0
ID81113,0
ID81114,1
ID81115,0
ID81116,1
ID81117,1
ID81118,1
ID81119,0
ID81120,1
ID81121,1
ID81122,1
ID81123,1
ID81124,1
ID81125,1
ID81126,1
ID81127,1
ID81128,1
ID81129,0
ID81130,1
ID81131,0
ID81132,1
ID81133,1
ID81134,0
ID81135,1
ID81136,1
ID81137,1
ID81138,1
ID81139,1
ID81140,1
ID81141,1
ID81142,0
ID81143,1
ID81144,0
ID81145,1
ID81146,1
ID81147,0
ID81148,0
ID81149,0
ID81150,1
ID81151,1
ID81152,0
ID81153,1
ID81154,0
ID81155,0
ID81156,0
ID81157,0
ID81158,1
ID81159,1
ID81160,1
ID81161,1
ID81162,1
ID81163,0
ID81164,1
ID81165,0
ID81166,0
ID81167,1
ID81168,0
ID81169,1
ID81170,1
ID81171,0
ID81172,1
ID81173,1
ID81174,1
ID81175,0
ID81176,1
ID81177,1
ID81178,0
ID81179,0
ID81180,1
ID81181,0
ID81182,0
ID81183,1
ID81184,1
ID81185,1
ID81186,1
ID81187,1
ID81188,0
ID81189,0
ID81190,1
ID81191,0
ID81192,1
ID81193,1
ID81194,0
ID81195,1
ID81196,1
ID81197,1
ID81198,1
ID81199,0
ID81200,1
ID81201,1
ID81202,0
ID81203,1
ID81204,0
ID81205,0
ID81206,1
ID81207,1
ID81208,0
ID81209,0
ID81210,1
ID81211,1
ID81212,1
ID81213,0
ID81214,1
ID81215,0
ID81216,0
ID81217,1
ID81218,1
ID81219,1
ID81220,1
ID81221,1
ID81222,1
ID81223,1
ID81224,1
ID81225,1
ID81226,1
ID81227,0
ID81228,1
ID81229,1
ID81230,0
ID81231,1
ID81232,1
ID81233,0
ID81234,1
ID81235,1
ID81236,1
ID81237,1
ID81238,1
ID81239,1
ID81240,1
ID81241,0
ID81242,1
ID81243,0
ID81244,1
ID81245,1
ID81246,0
ID81247,1
ID81248,1
ID81249,1
ID81250,1
ID81251,1
ID81252,1
ID81253,1
ID81254,1
ID81255,1
ID81256,0
ID81257,0
ID81258,0
ID81259,1
ID81260,1
ID81261,1
ID81262,0
ID81263,1
ID81264,1
ID81265,1
ID81266,0
ID81267,0
ID81268,1
ID81269,1
ID81270,1
ID81271,1
ID81272,1
ID81273,1
ID81274,1
ID81275,0
ID81276,1
ID81277,1
ID81278,1
ID81279,1
ID81280,0
ID81281,1
ID81282,1
ID81283,1
ID81284,1
ID81285,1
ID81286,1
ID81287,0
ID81288,1
ID81289,1
ID81290,1
ID81291,1
ID81292,1
ID81293,1
ID81294,0
ID81295,0
ID81296,1
ID81297,1
ID81298,0
ID81299,1
ID81300,0
ID81301,1
ID81302,0
ID81303,1
ID81304,1
ID81305,1
ID81306,0
ID81307,1
ID81308,0
ID81309,1
ID81310,1
ID81311,1
ID81312,0
ID81313,0
ID81314,0
ID81315,1
ID81316,0
ID81317,1
ID81318,1
ID81319,1
ID81320,1
ID81321,1
ID81322,0
ID81323,0
ID81324,1
ID81325,1
ID81326,0
ID81327,1
ID81328,0
ID81329,1
ID81330,1
ID81331,0
ID81332,1
ID81333,1
ID81334,1
ID81335,1
ID81336,1
ID81337,1
ID81338,0
ID81339,1
ID81340,1
ID81341,0
ID81342,1
ID81343,1
ID81344,1
ID81345,0
ID81346,1
ID81347,1
ID81348,1
ID81349,1
ID81350,1
ID81351,1
ID81352,0
ID81353,0
ID81354,0
ID81355,0
ID81356,0
ID81357,0
ID81358,0
ID81359,1
ID81360,0
ID81361,1
ID81362,0
ID81363,1
ID81364,1
ID81365,1
ID81366,1
ID81367,1
ID81368,0
ID81369,0
ID81370,0
ID81371,1
ID81372,0
ID81373,0
ID81374,0
ID81375,0
ID81376,1
ID81377,1
ID81378,1
ID81379,0
ID81380,1
ID81381,1
ID81382,1
ID81383,1
ID81384,0
ID81385,1
ID81386,1
ID81387,1
ID81388,0
ID81389,0
ID81390,1
ID81391,0
ID81392,1
ID81393,1
ID81394,1
ID81395,1
ID81396,1
ID81397,1
ID81398,1
ID81399,1
ID81400,0
ID81401,1
ID81402,0
ID81403,1
ID81404,1
ID81405,1
ID81406,1
ID81407,0
ID81408,0
ID81409,0
ID81410,1
ID81411,0
ID81412,1
ID81413,1
ID81414,1
ID81415,0
ID81416,1
ID81417,1
ID81418,1
ID81419,0
ID81420,0
ID81421,1
ID81422,0
ID81423,1
ID81424,1
ID81425,1
ID81426,1
ID81427,1
ID81428,0
ID81429,0
ID81430,0
ID81431,1
ID81432,0
ID81433,1
ID81434,1
ID81435,1
ID81436,1
ID81437,1
ID81438,1
ID81439,1
ID81440,1
ID81441,1
ID81442,0
ID81443,1
ID81444,1
ID81445,1
ID81446,1
ID81447,1
ID81448,1
ID81449,1
ID81450,0
ID81451,1
ID81452,1
ID81453,1
ID81454,1
ID81455,0
ID81456,1
ID81457,0
ID81458,1
ID81459,0
ID81460,1
ID81461,0
ID81462,1
ID81463,0
ID81464,1
ID81465,1
ID81466,1
ID81467,1
ID81468,0
ID81469,1
ID81470,1
ID81471,0
ID81472,1
ID81473,1
ID81474,1
ID81475,1
ID81476,1
ID81477,1
ID81478,1
ID81479,0
ID81480,1
ID81481,0
ID81482,0
ID81483,0
ID81484,1
ID81485,0
ID81486,1
ID81487,1
ID81488,1
ID81489,0
ID81490,0
ID81491,1
ID81492,0
ID81493,1
ID81494,1
ID81495,1
ID81496,0
ID81497,1
ID81498,0
ID81499,0
ID81500,1
ID81501,0
ID81502,1
ID81503,1
ID81504,1
ID81505,1
ID81506,0
ID81507,1
ID81508,1
ID81509,0
ID81510,1
ID81511,1
ID81512,0
ID81513,1
ID81514,1
ID81515,1
ID81516,0
ID81517,1
ID81518,0
ID81519,1
ID81520,0
ID81521,1
ID81522,1
ID81523,1
ID81524,1
ID81525,1
ID81526,1
ID81527,1
ID81528,1
ID81529,1
ID81530,1
ID81531,0
ID81532,1
ID81533,1
ID81534,1
ID81535,1
ID81536,0
ID81537,1
ID81538,1
ID81539,1
ID81540,0
ID81541,0
ID81542,0
ID81543,1
ID81544,0
ID81545,1
ID81546,1
ID81547,1
ID81548,1
ID81549,0
ID81550,1
ID81551,1
ID81552,1
ID81553,0
ID81554,1
ID81555,1
ID81556,1
ID81557,0
ID81558,1
ID81559,0
ID81560,1
ID81561,1
ID81562,1
ID81563,1
ID81564,1
ID81565,0
ID81566,0
ID81567,1
ID81568,1
ID81569,1
ID81570,1
ID81571,0
ID81572,1
ID81573,1
ID81574,1
ID81575,0
ID81576,1
ID81577,1
ID81578,1
ID81579,0
ID81580,1
ID81581,1
ID81582,0
ID81583,1
ID81584,0
ID81585,1
ID81586,0
ID81587,1
ID81588,1
ID81589,0
ID81590,0
ID81591,1
ID81592,0
ID81593,1
ID81594,0
ID81595,0
ID81596,1
ID81597,1
ID81598,1
ID81599,1
ID81600,1
ID81601,0
ID81602,1
ID81603,1
ID81604,1
ID81605,1
ID81606,1
ID81607,1
ID81608,0
ID81609,1
ID81610,1
ID81611,0
ID81612,1
ID81613,0
ID81614,1
ID81615,1
ID81616,0
ID81617,0
ID81618,1
ID81619,1
ID81620,0
ID81621,1
ID81622,1
ID81623,1
ID81624,1
ID81625,1
ID81626,1
ID81627,0
ID81628,0
ID81629,0
ID81630,0
ID81631,1
ID81632,1
ID81633,1
ID81634,0
ID81635,1
ID81636,1
ID81637,1
ID81638,1
ID81639,0
ID81640,1
ID81641,1
ID81642,1
ID81643,0
ID81644,1
ID81645,0
ID81646,1
ID81647,0
ID81648,1
ID81649,1
ID81650,0
ID81651,1
ID81652,1
ID81653,0
ID81654,1
ID81655,1
ID81656,0
ID81657,0
ID81658,0
ID81659,0
ID81660,1
ID81661,1
ID81662,1
ID81663,0
ID81664,1
ID81665,1
ID81666,1
ID81667,0
ID81668,1
ID81669,0
ID81670,0
ID81671,0
ID81672,1
ID81673,1
ID81674,0
ID81675,1
ID81676,1
ID81677,1
ID81678,1
ID81679,1
ID81680,0
ID81681,0
ID81682,0
ID81683,1
ID81684,0
ID81685,1
ID81686,1
ID81687,0
ID81688,1
ID81689,1
ID81690,1
ID81691,0
ID81692,1
ID81693,0
ID81694,0
ID81695,1
ID81696,1
ID81697,1
ID81698,0
ID81699,0
ID81700,0
ID81701,1
ID81702,1
ID81703,1
ID81704,1
ID81705,1
ID81706,1
ID81707,1
ID81708,0
ID81709,0
ID81710,1
ID81711,1
ID81712,1
ID81713,1
ID81714,1
ID81715,0
ID81716,1
ID81717,1
ID81718,1
ID81719,1
ID81720,0
ID81721,0
ID81722,0
ID81723,1
ID81724,0
ID81725,1
ID81726,1
ID81727,0
ID81728,1
ID81729,0
ID81730,1
ID81731,1
ID81732,0
ID81733,0
ID81734,0
ID81735,0
ID81736,0
ID81737,1
ID81738,1
ID81739,0
ID81740,1
ID81741,1
ID81742,1
ID81743,0
ID81744,1
ID81745,1
ID81746,0
ID81747,1
ID81748,0
ID81749,1
ID81750,0
ID81751,1
ID81752,1
ID81753,0
ID81754,0
ID81755,0
ID81756,1
ID81757,0
ID81758,1
ID81759,1
ID81760,1
ID81761,0
ID81762,0
ID81763,1
ID81764,1
ID81765,1
ID81766,0
ID81767,1
ID81768,1
ID81769,1
ID81770,1
ID81771,0
ID81772,1
ID81773,1
ID81774,0
ID81775,1
ID81776,1
ID81777,1
ID81778,1
ID81779,1
ID81780,1
ID81781,1
ID81782,0
ID81783,0
ID81784,1
ID81785,0
ID81786,1
ID81787,1
ID81788,1
ID81789,0
ID81790,1
ID81791,1
ID81792,1
ID81793,1
ID81794,1
ID81795,0
ID81796,1
ID81797,0
ID81798,1
ID81799,1
ID81800,0
ID81801,1
ID81802,0
ID81803,1
ID81804,1
ID81805,0
ID81806,1
ID81807,0
ID81808,0
ID81809,1
ID81810,0
ID81811,1
ID81812,0
ID81813,0
ID81814,1
ID81815,1
ID81816,1
ID81817,0
ID81818,1
ID81819,1
ID81820,0
ID81821,0
ID81822,1
ID81823,1
ID81824,1
ID81825,1
ID81826,1
ID81827,1
ID81828,1
ID81829,1
ID81830,0
ID81831,1
ID81832,1
ID81833,1
ID81834,0
ID81835,1
ID81836,1
ID81837,1
ID81838,1
ID81839,0
ID81840,0
ID81841,1
ID81842,0
ID81843,1
ID81844,0
ID81845,0
ID81846,1
ID81847,1
ID81848,0
ID81849,1
ID81850,0
ID81851,0
ID81852,1
ID81853,0
ID81854,0
ID81855,1
ID81856,1
ID81857,1
ID81858,0
ID81859,1
ID81860,1
ID81861,1
ID81862,1
ID81863,1
ID81864,1
ID81865,0
ID81866,1
ID81867,1
ID81868,1
ID81869,0
ID81870,1
ID81871,1
ID81872,1
ID81873,1
ID81874,0
ID81875,0
ID81876,1
ID81877,0
ID81878,0
ID81879,1
ID81880,0
ID81881,1
ID81882,1
ID81883,1
ID81884,0
ID81885,1
ID81886,1
ID81887,0
ID81888,0
ID81889,0
ID81890,1
ID81891,0
ID81892,0
ID81893,0
ID81894,1
ID81895,0
ID81896,0
ID81897,1
ID81898,1
ID81899,1
ID81900,1
ID81901,1
ID81902,0
ID81903,1
ID81904,1
ID81905,0
ID81906,1
ID81907,1
ID81908,0
ID81909,1
ID81910,1
ID81911,0
ID81912,0
ID81913,1
ID81914,1
ID81915,1
ID81916,0
ID81917,1
ID81918,0
ID81919,0
ID81920,1
ID81921,1
ID81922,1
ID81923,1
ID81924,1
ID81925,1
ID81926,0
ID81927,1
ID81928,0
ID81929,1
ID81930,1
ID81931,1
ID81932,1
ID81933,1
ID81934,1
ID81935,0
ID81936,1
ID81937,1
ID81938,1
ID81939,0
ID81940,0
ID81941,0
ID81942,1
ID81943,1
ID81944,0
ID81945,0
ID81946,1
ID81947,1
ID81948,1
ID81949,1
ID81950,1
ID81951,1
ID81952,1
ID81953,0
ID81954,1
ID81955,0
ID81956,0
ID81957,1
ID81958,0
ID81959,1
ID81960,1
ID81961,0
ID81962,0
ID81963,1
ID81964,1
ID81965,0
ID81966,1
ID81967,0
ID81968,1
ID81969,1
ID81970,0
ID81971,1
ID81972,1
ID81973,1
ID81974,0
ID81975,1
ID81976,1
ID81977,1
ID81978,1
ID81979,0
ID81980,1
ID81981,0
ID81982,1
ID81983,1
ID81984,1
ID81985,0
ID81986,1
ID81987,1
ID81988,0
ID81989,0
ID81990,0
ID81991,1
ID81992,1
ID81993,0
ID81994,1
ID81995,1
ID81996,1
ID81997,1
ID81998,1
ID81999,0
ID82000,1
ID82001,1
ID82002,0
ID82003,1
ID82004,0
ID82005,1
ID82006,0
ID82007,0
ID82008,0
ID82009,0
ID82010,1
ID82011,1
ID82012,0
ID82013,0
ID82014,0
ID82015,0
ID82016,1
ID82017,0
ID82018,1
ID82019,1
ID82020,1
ID82021,1
ID82022,1
ID82023,0
ID82024,0
ID82025,1
ID82026,1
ID82027,0
ID82028,0
ID82029,0
ID82030,1
ID82031,0
ID82032,0
ID82033,1
ID82034,1
ID82035,1
ID82036,0
ID82037,0
ID82038,0
ID82039,1
ID82040,1
ID82041,1
ID82042,1
ID82043,1
ID82044,0
ID82045,1
ID82046,1
ID82047,1
ID82048,1
ID82049,1
ID82050,1
ID82051,1
ID82052,1
ID82053,0
ID82054,1
ID82055,0
ID82056,1
ID82057,1
ID82058,0
ID82059,1
ID82060,1
ID82061,1
ID82062,0
ID82063,0
ID82064,1
ID82065,1
ID82066,1
ID82067,1
ID82068,1
ID82069,1
ID82070,1
ID82071,0
ID82072,1
ID82073,1
ID82074,0
ID82075,1
ID82076,1
ID82077,1
ID82078,0
ID82079,1
ID82080,1
ID82081,1
ID82082,0
ID82083,0
ID82084,1
ID82085,1
ID82086,1
ID82087,1
ID82088,1
ID82089,1
ID82090,0
ID82091,1
ID82092,0
ID82093,1
ID82094,0
ID82095,0
ID82096,0
ID82097,1
ID82098,1
ID82099,1
ID82100,1
ID82101,1
ID82102,1
ID82103,0
ID82104,1
ID82105,1
ID82106,1
ID82107,1
ID82108,1
ID82109,1
ID82110,1
ID82111,0
ID82112,0
ID82113,1
ID82114,1
ID82115,1
ID82116,1
ID82117,1
ID82118,1
ID82119,1
ID82120,1
ID82121,0
ID82122,1
ID82123,1
ID82124,1
ID82125,1
ID82126,0
ID82127,0
ID82128,0
ID82129,1
ID82130,1
ID82131,1
ID82132,0
ID82133,1
ID82134,1
ID82135,0
ID82136,1
ID82137,0
ID82138,0
ID82139,1
ID82140,1
ID82141,1
ID82142,0
ID82143,1
ID82144,0
ID82145,1
ID82146,0
ID82147,0
ID82148,1
ID82149,1
ID82150,0
ID82151,1
ID82152,1
ID82153,1
ID82154,1
ID82155,1
ID82156,1
ID82157,0
ID82158,1
ID82159,1
ID82160,0
ID82161,1
ID82162,0
ID82163,1
ID82164,0
ID82165,1
ID82166,0
ID82167,1
ID82168,0
ID82169,1
ID82170,0
ID82171,1
ID82172,0
ID82173,1
ID82174,1
ID82175,1
ID82176,0
ID82177,1
ID82178,1
ID82179,0
ID82180,0
ID82181,1
ID82182,1
ID82183,1
ID82184,0
ID82185,0
ID82186,0
ID82187,1
ID82188,0
ID82189,0
ID82190,1
ID82191,0
ID82192,1
ID82193,0
ID82194,0
ID82195,1
ID82196,1
ID82197,1
ID82198,0
ID82199,1
ID82200,1
ID82201,0
ID82202,0
ID82203,1
ID82204,1
ID82205,1
ID82206,1
ID82207,1
ID82208,0
ID82209,1
ID82210,1
ID82211,1
ID82212,1
ID82213,1
ID82214,1
ID82215,1
ID82216,1
ID82217,0
ID82218,1
ID82219,1
ID82220,1
ID82221,0
ID82222,1
ID82223,0
ID82224,1
ID82225,1
ID82226,0
ID82227,1
ID82228,1
ID82229,1
ID82230,0
ID82231,1
ID82232,1
ID82233,1
ID82234,1
ID82235,0
ID82236,1
ID82237,1
ID82238,1
ID82239,1
ID82240,1
ID82241,1
ID82242,1
ID82243,1
ID82244,1
ID82245,1
ID82246,0
ID82247,1
ID82248,1
ID82249,1
ID82250,1
ID82251,0
ID82252,0
ID82253,0
ID82254,1
ID82255,0
ID82256,0
ID82257,1
ID82258,1
ID82259,0
ID82260,1
ID82261,1
ID82262,1
ID82263,1
ID82264,1
ID82265,1
ID82266,1
ID82267,1
ID82268,1
ID82269,1
ID82270,0
ID82271,1
ID82272,0
ID82273,1
ID82274,0
ID82275,1
ID82276,1
ID82277,1
ID82278,1
ID82279,0
ID82280,1
ID82281,1
ID82282,1
ID82283,1
ID82284,0
ID82285,1
ID82286,0
ID82287,1
ID82288,1
ID82289,1
ID82290,0
ID82291,1
ID82292,0
ID82293,0
ID82294,0
ID82295,1
ID82296,1
ID82297,1
ID82298,1
ID82299,1
ID82300,0
ID82301,0
ID82302,0
ID82303,1
ID82304,0
ID82305,1
ID82306,1
ID82307,1
ID82308,1
ID82309,1
ID82310,1
ID82311,1
ID82312,1
ID82313,1
ID82314,1
ID82315,1
ID82316,1
ID82317,0
ID82318,0
ID82319,0
ID82320,1
ID82321,1
ID82322,0
ID82323,0
ID82324,1
ID82325,0
ID82326,1
ID82327,0
ID82328,0
ID82329,0
ID82330,1
ID82331,1
ID82332,1
ID82333,1
ID82334,1
ID82335,0
ID82336,0
ID82337,1
ID82338,0
ID82339,1
ID82340,1
ID82341,0
ID82342,0
ID82343,1
ID82344,0
ID82345,1
ID82346,1
ID82347,0
ID82348,0
ID82349,1
ID82350,1
ID82351,0
ID82352,1
ID82353,1
ID82354,0
ID82355,0
ID82356,1
ID82357,1
ID82358,1
ID82359,0
ID82360,1
ID82361,1
ID82362,1
ID82363,1
ID82364,1
ID82365,1
ID82366,1
ID82367,1
ID82368,0
ID82369,1
ID82370,0
ID82371,1
ID82372,1
ID82373,1
ID82374,0
ID82375,1
ID82376,1
ID82377,1
ID82378,1
ID82379,0
ID82380,1
ID82381,1
ID82382,0
ID82383,0
ID82384,0
ID82385,1
ID82386,0
ID82387,1
ID82388,0
ID82389,1
ID82390,1
ID82391,1
ID82392,0
ID82393,1
ID82394,1
ID82395,0
ID82396,1
ID82397,0
ID82398,0
ID82399,1
ID82400,1
ID82401,1
ID82402,1
ID82403,1
ID82404,1
ID82405,1
ID82406,1
ID82407,1
ID82408,1
ID82409,1
ID82410,1
ID82411,1
ID82412,1
ID82413,1
ID82414,1
ID82415,0
ID82416,1
ID82417,1
ID82418,0
ID82419,1
ID82420,0
ID82421,1
ID82422,0
ID82423,0
ID82424,1
ID82425,1
ID82426,1
ID82427,0
ID82428,0
ID82429,1
ID82430,1
ID82431,1
ID82432,1
ID82433,1
ID82434,1
ID82435,1
ID82436,1
ID82437,1
ID82438,1
ID82439,0
ID82440,1
ID82441,0
ID82442,1
ID82443,1
ID82444,1
ID82445,1
ID82446,1
ID82447,0
ID82448,0
ID82449,0
ID82450,1
ID82451,0
ID82452,1
ID82453,1
ID82454,0
ID82455,0
ID82456,1
ID82457,0
ID82458,1
ID82459,1
ID82460,1
ID82461,1
ID82462,0
ID82463,1
ID82464,1
ID82465,1
ID82466,0
ID82467,1
ID82468,1
ID82469,1
ID82470,1
ID82471,1
ID82472,1
ID82473,1
ID82474,1
ID82475,1
ID82476,1
ID82477,1
ID82478,0
ID82479,1
ID82480,1
ID82481,1
ID82482,1
ID82483,1
ID82484,1
ID82485,0
ID82486,0
ID82487,0
ID82488,0
ID82489,1
ID82490,1
ID82491,1
ID82492,0
ID82493,1
ID82494,1
ID82495,1
ID82496,0
ID82497,1
ID82498,1
ID82499,1
ID82500,1
ID82501,1
ID82502,1
ID82503,1
ID82504,0
ID82505,0
ID82506,1
ID82507,0
ID82508,0
ID82509,0
ID82510,1
ID82511,0
ID82512,1
ID82513,1
ID82514,1
ID82515,1
ID82516,1
ID82517,1
ID82518,1
ID82519,0
ID82520,1
ID82521,0
ID82522,1
ID82523,1
ID82524,1
ID82525,1
ID82526,0
ID82527,0
ID82528,0
ID82529,0
ID82530,1
ID82531,1
ID82532,1
ID82533,1
ID82534,1
ID82535,1
ID82536,1
ID82537,1
ID82538,0
ID82539,0
ID82540,1
ID82541,0
ID82542,1
ID82543,1
ID82544,0
ID82545,1
ID82546,1
ID82547,1
ID82548,0
ID82549,1
ID82550,1
ID82551,1
ID82552,1
ID82553,0
ID82554,0
ID82555,0
ID82556,1
ID82557,1
ID82558,1
ID82559,1
ID82560,1
ID82561,1
ID82562,0
ID82563,0
ID82564,0
ID82565,1
ID82566,0
ID82567,1
ID82568,1
ID82569,0
ID82570,1
ID82571,0
ID82572,1
ID82573,1
ID82574,0
ID82575,1
ID82576,0
ID82577,0
ID82578,1
ID82579,0
ID82580,1
ID82581,1
ID82582,1
ID82583,1
ID82584,1
ID82585,1
ID82586,1
ID82587,0
ID82588,1
ID82589,1
ID82590,1
ID82591,1
ID82592,1
ID82593,1
ID82594,1
ID82595,1
ID82596,1
ID82597,0
ID82598,1
ID82599,1
ID82600,0
ID82601,1
ID82602,1
ID82603,0
ID82604,0
ID82605,0
ID82606,1
ID82607,1
ID82608,0
ID82609,1
ID82610,1
ID82611,0
ID82612,1
ID82613,1
ID82614,1
ID82615,1
ID82616,1
ID82617,0
ID82618,1
ID82619,1
ID82620,1
ID82621,0
ID82622,0
ID82623,1
ID82624,1
ID82625,1
ID82626,1
ID82627,1
ID82628,1
ID82629,1
ID82630,1
ID82631,1
ID82632,1
ID82633,1
ID82634,0
ID82635,1
ID82636,0
ID82637,1
ID82638,0
ID82639,0
ID82640,0
ID82641,1
ID82642,0
ID82643,0
ID82644,0
ID82645,0
ID82646,1
ID82647,1
ID82648,1
ID82649,1
ID82650,0
ID82651,0
ID82652,1
ID82653,0
ID82654,1
ID82655,1
ID82656,1
ID82657,0
ID82658,1
ID82659,1
ID82660,1
ID82661,0
ID82662,1
ID82663,1
ID82664,0
ID82665,0
ID82666,0
ID82667,1
ID82668,1
ID82669,1
ID82670,0
ID82671,0
ID82672,0
ID82673,1
ID82674,0
ID82675,1
ID82676,1
ID82677,1
ID82678,0
ID82679,1
ID82680,1
ID82681,1
ID82682,0
ID82683,1
ID82684,1
ID82685,1
ID82686,1
ID82687,1
ID82688,1
ID82689,1
ID82690,0
ID82691,1
ID82692,1
ID82693,1
ID82694,0
ID82695,0
ID82696,1
ID82697,1
ID82698,1
ID82699,1
ID82700,1
ID82701,0
ID82702,0
ID82703,1
ID82704,1
ID82705,1
ID82706,1
ID82707,1
ID82708,1
ID82709,1
ID82710,1
ID82711,1
ID82712,1
ID82713,0
ID82714,0
ID82715,1
ID82716,1
ID82717,0
ID82718,0
ID82719,1
ID82720,0
ID82721,0
ID82722,0
ID82723,1
ID82724,1
ID82725,1
ID82726,1
ID82727,0
ID82728,1
ID82729,0
ID82730,1
ID82731,1
ID82732,0
ID82733,1
ID82734,0
ID82735,1
ID82736,1
ID82737,0
ID82738,0
ID82739,1
ID82740,1
ID82741,0
ID82742,1
ID82743,1
ID82744,1
ID82745,0
ID82746,0
ID82747,0
ID82748,0
ID82749,1
ID82750,1
ID82751,1
ID82752,1
ID82753,1
ID82754,1
ID82755,1
ID82756,1
ID82757,1
ID82758,0
ID82759,1
ID82760,1
ID82761,1
ID82762,0
ID82763,1
ID82764,1
ID82765,0
ID82766,1
ID82767,1
ID82768,1
ID82769,0
ID82770,1
ID82771,1
ID82772,1
ID82773,1
ID82774,1
ID82775,1
ID82776,1
ID82777,1
ID82778,1
ID82779,1
ID82780,1
ID82781,1
ID82782,1
ID82783,1
ID82784,1
ID82785,1
ID82786,1
ID82787,0
ID82788,1
ID82789,1
ID82790,0
ID82791,1
ID82792,1
ID82793,0
ID82794,1
ID82795,1
ID82796,1
ID82797,1
ID82798,1
ID82799,1
ID82800,1
ID82801,0
ID82802,0
ID82803,0
ID82804,0
ID82805,1
ID82806,0
ID82807,0
ID82808,0
ID82809,0
ID82810,1
ID82811,0
ID82812,1
ID82813,0
ID82814,1
ID82815,1
ID82816,1
ID82817,1
ID82818,0
ID82819,1
ID82820,1
ID82821,0
ID82822,1
ID82823,1
ID82824,1
ID82825,0
ID82826,0
ID82827,1
ID82828,1
ID82829,1
ID82830,1
ID82831,1
ID82832,1
ID82833,0
ID82834,1
ID82835,0
ID82836,1
ID82837,0
ID82838,1
ID82839,1
ID82840,0
ID82841,1
ID82842,0
ID82843,1
ID82844,1
ID82845,1
ID82846,0
ID82847,1
ID82848,1
ID82849,1
ID82850,1
ID82851,1
ID82852,0
ID82853,1
ID82854,0
ID82855,0
ID82856,1
ID82857,1
ID82858,0
ID82859,1
ID82860,1
ID82861,1
ID82862,1
ID82863,0
ID82864,1
ID82865,1
ID82866,1
ID82867,1
ID82868,1
ID82869,1
ID82870,0
ID82871,0
ID82872,1
ID82873,1
ID82874,0
ID82875,0
ID82876,1
ID82877,1
ID82878,1
ID82879,1
ID82880,1
ID82881,1
ID82882,1
ID82883,0
ID82884,0
ID82885,1
ID82886,1
ID82887,1
ID82888,1
ID82889,0
ID82890,1
ID82891,0
ID82892,1
ID82893,0
ID82894,0
ID82895,1
ID82896,0
ID82897,0
ID82898,1
ID82899,0
ID82900,0
ID82901,1
ID82902,0
ID82903,1
ID82904,0
ID82905,1
ID82906,0
ID82907,1
ID82908,1
ID82909,1
ID82910,0
ID82911,0
ID82912,1
ID82913,1
ID82914,1
ID82915,1
ID82916,1
ID82917,0
ID82918,1
ID82919,1
ID82920,1
ID82921,1
ID82922,0
ID82923,0
ID82924,1
ID82925,0
ID82926,1
ID82927,0
ID82928,0
ID82929,1
ID82930,0
ID82931,0
ID82932,1
ID82933,0
ID82934,0
ID82935,1
ID82936,1
ID82937,1
ID82938,1
ID82939,0
ID82940,0
ID82941,0
ID82942,1
ID82943,1
ID82944,0
ID82945,1
ID82946,1
ID82947,1
ID82948,0
ID82949,1
ID82950,1
ID82951,1
ID82952,1
ID82953,0
ID82954,1
ID82955,1
ID82956,1
ID82957,1
ID82958,1
ID82959,0
ID82960,1
ID82961,1
ID82962,0
ID82963,0
ID82964,0
ID82965,1
ID82966,0
ID82967,1
ID82968,0
ID82969,1
ID82970,1
ID82971,1
ID82972,1
ID82973,0
ID82974,1
ID82975,1
ID82976,1
ID82977,1
ID82978,1
ID82979,1
ID82980,1
ID82981,0
ID82982,1
ID82983,0
ID82984,1
ID82985,1
ID82986,0
ID82987,1
ID82988,0
ID82989,0
ID82990,0
ID82991,0
ID82992,1
ID82993,1
ID82994,1
ID82995,0
ID82996,0
ID82997,1
ID82998,0
ID82999,0
ID83000,0
ID83001,0
ID83002,1
ID83003,1
ID83004,1
ID83005,0
ID83006,1
ID83007,1
ID83008,1
ID83009,1
ID83010,1
ID83011,0
ID83012,1
ID83013,1
ID83014,0
ID83015,1
ID83016,1
ID83017,1
ID83018,0
ID83019,0
ID83020,1
ID83021,1
ID83022,1
ID83023,0
ID83024,1
ID83025,1
ID83026,1
ID83027,1
ID83028,0
ID83029,1
ID83030,1
ID83031,1
ID83032,1
ID83033,1
ID83034,1
ID83035,1
ID83036,1
ID83037,0
ID83038,1
ID83039,0
ID83040,1
ID83041,0
ID83042,1
ID83043,1
ID83044,0
ID83045,1
ID83046,0
ID83047,0
ID83048,1
ID83049,1
ID83050,1
ID83051,1
ID83052,0
ID83053,1
ID83054,1
ID83055,1
ID83056,0
ID83057,1
ID83058,1
ID83059,1
ID83060,1
ID83061,1
ID83062,1
ID83063,1
ID83064,1
ID83065,1
ID83066,0
ID83067,0
ID83068,1
ID83069,1
ID83070,0
ID83071,1
ID83072,1
ID83073,0
ID83074,0
ID83075,1
ID83076,0
ID83077,1
ID83078,0
ID83079,1
ID83080,1
ID83081,0
ID83082,1
ID83083,1
ID83084,1
ID83085,0
ID83086,0
ID83087,0
ID83088,1
ID83089,0
ID83090,1
ID83091,1
ID83092,1
ID83093,1
ID83094,1
ID83095,0
ID83096,1
ID83097,0
ID83098,1
ID83099,1
ID83100,1
ID83101,0
ID83102,1
ID83103,1
ID83104,1
ID83105,1
ID83106,1
ID83107,1
ID83108,1
ID83109,1
ID83110,1
ID83111,1
ID83112,0
ID83113,1
ID83114,0
ID83115,0
ID83116,0
ID83117,1
ID83118,1
ID83119,0
ID83120,1
ID83121,0
ID83122,0
ID83123,1
ID83124,1
ID83125,0
ID83126,0
ID83127,1
ID83128,1
ID83129,1
ID83130,0
ID83131,0
ID83132,1
ID83133,1
ID83134,0
ID83135,1
ID83136,1
ID83137,0
ID83138,1
ID83139,1
ID83140,1
ID83141,1
ID83142,1
ID83143,1
ID83144,1
ID83145,0
ID83146,1
ID83147,0
ID83148,1
ID83149,1
ID83150,1
ID83151,1
ID83152,1
ID83153,1
ID83154,0
ID83155,1
ID83156,0
ID83157,1
ID83158,1
ID83159,0
ID83160,1
ID83161,0
ID83162,1
ID83163,1
ID83164,1
ID83165,1
ID83166,1
ID83167,1
ID83168,0
ID83169,1
ID83170,1
ID83171,1
ID83172,1
ID83173,1
ID83174,0
ID83175,1
ID83176,0
ID83177,1
ID83178,1
ID83179,1
ID83180,0
ID83181,1
ID83182,1
ID83183,0
ID83184,1
ID83185,1
ID83186,1
ID83187,0
ID83188,1
ID83189,1
ID83190,1
ID83191,0
ID83192,1
ID83193,0
ID83194,0
ID83195,0
ID83196,1
ID83197,0
ID83198,1
ID83199,1
ID83200,1
ID83201,0
ID83202,1
ID83203,1
ID83204,0
ID83205,1
ID83206,1
ID83207,1
ID83208,1
ID83209,0
ID83210,1
ID83211,1
ID83212,1
ID83213,1
ID83214,1
ID83215,1
ID83216,1
ID83217,1
ID83218,0
ID83219,1
ID83220,0
ID83221,1
ID83222,1
ID83223,0
ID83224,1
ID83225,1
ID83226,1
ID83227,0
ID83228,0
ID83229,0
ID83230,1
ID83231,1
ID83232,1
ID83233,1
ID83234,1
ID83235,1
ID83236,0
ID83237,0
ID83238,1
ID83239,1
ID83240,1
ID83241,0
ID83242,1
ID83243,1
ID83244,1
ID83245,0
ID83246,0
ID83247,1
ID83248,1
ID83249,1
ID83250,1
ID83251,0
ID83252,0
ID83253,1
ID83254,1
ID83255,1
ID83256,1
ID83257,1
ID83258,1
ID83259,1
ID83260,1
ID83261,0
ID83262,1
ID83263,1
ID83264,0
ID83265,0
ID83266,0
ID83267,1
ID83268,1
ID83269,1
ID83270,1
ID83271,1
ID83272,1
ID83273,0
ID83274,1
ID83275,0
ID83276,0
ID83277,1
ID83278,1
ID83279,1
ID83280,0
ID83281,0
ID83282,0
ID83283,0
ID83284,1
ID83285,1
ID83286,0
ID83287,1
ID83288,1
ID83289,1
ID83290,1
ID83291,0
ID83292,1
ID83293,1
ID83294,1
ID83295,1
ID83296,1
ID83297,1
ID83298,0
ID83299,1
ID83300,1
ID83301,1
ID83302,1
ID83303,1
ID83304,0
ID83305,0
ID83306,0
ID83307,1
ID83308,1
ID83309,1
ID83310,1
ID83311,0
ID83312,1
ID83313,0
ID83314,0
ID83315,1
ID83316,1
ID83317,1
ID83318,1
ID83319,0
ID83320,1
ID83321,1
ID83322,1
ID83323,0
ID83324,1
ID83325,0
ID83326,1
ID83327,1
ID83328,0
ID83329,0
ID83330,1
ID83331,1
ID83332,1
ID83333,0
ID83334,1
ID83335,1
ID83336,1
ID83337,0
ID83338,1
ID83339,1
ID83340,1
ID83341,0
ID83342,1
ID83343,1
ID83344,1
ID83345,1
ID83346,1
ID83347,1
ID83348,1
ID83349,0
ID83350,0
ID83351,1
ID83352,1
ID83353,1
ID83354,1
ID83355,1
ID83356,0
ID83357,1
ID83358,1
ID83359,1
ID83360,1
ID83361,0
ID83362,1
ID83363,1
ID83364,0
ID83365,1
ID83366,0
ID83367,0
ID83368,0
ID83369,1
ID83370,0
ID83371,0
ID83372,1
ID83373,1
ID83374,0
ID83375,0
ID83376,1
ID83377,1
ID83378,1
ID83379,0
ID83380,1
ID83381,1
ID83382,1
ID83383,1
ID83384,1
ID83385,1
ID83386,1
ID83387,1
ID83388,1
ID83389,0
ID83390,1
ID83391,0
ID83392,0
ID83393,1
ID83394,1
ID83395,1
ID83396,1
ID83397,1
ID83398,0
ID83399,1
ID83400,0
ID83401,0
ID83402,0
ID83403,1
ID83404,0
ID83405,1
ID83406,0
ID83407,1
ID83408,0
ID83409,1
ID83410,0
ID83411,1
ID83412,1
ID83413,1
ID83414,1
ID83415,0
ID83416,0
ID83417,1
ID83418,1
ID83419,1
ID83420,1
ID83421,1
ID83422,0
ID83423,1
ID83424,1
ID83425,1
ID83426,1
ID83427,1
ID83428,1
ID83429,1
ID83430,1
ID83431,1
ID83432,0
ID83433,1
ID83434,1
ID83435,0
ID83436,1
ID83437,1
ID83438,1
ID83439,1
ID83440,1
ID83441,1
ID83442,0
ID83443,1
ID83444,1
ID83445,1
ID83446,1
ID83447,0
ID83448,0
ID83449,1
ID83450,0
ID83451,1
ID83452,0
ID83453,1
ID83454,1
ID83455,1
ID83456,1
ID83457,0
ID83458,1
ID83459,1
ID83460,0
ID83461,1
ID83462,1
ID83463,1
ID83464,0
ID83465,1
ID83466,0
ID83467,1
ID83468,1
ID83469,1
ID83470,0
ID83471,0
ID83472,1
ID83473,1
ID83474,1
ID83475,1
ID83476,1
ID83477,0
ID83478,1
ID83479,0
ID83480,0
ID83481,0
ID83482,1
ID83483,0
ID83484,1
ID83485,0
ID83486,1
ID83487,1
ID83488,0
ID83489,0
ID83490,1
ID83491,0
ID83492,1
ID83493,0
ID83494,1
ID83495,1
ID83496,1
ID83497,1
ID83498,1
ID83499,1
ID83500,1
ID83501,0
ID83502,0
ID83503,0
ID83504,0
ID83505,1
ID83506,1
ID83507,1
ID83508,1
ID83509,1
ID83510,1
ID83511,1
ID83512,1
ID83513,1
ID83514,1
ID83515,0
ID83516,0
ID83517,1
ID83518,1
ID83519,1
ID83520,0
ID83521,1
ID83522,0
ID83523,1
ID83524,1
ID83525,0
ID83526,0
ID83527,1
ID83528,1
ID83529,1
ID83530,0
ID83531,1
ID83532,0
ID83533,0
ID83534,0
ID83535,0
ID83536,0
ID83537,0
ID83538,0
ID83539,0
ID83540,1
ID83541,1
ID83542,0
ID83543,1
ID83544,1
ID83545,1
ID83546,0
ID83547,1
ID83548,1
ID83549,1
ID83550,1
ID83551,0
ID83552,0
ID83553,0
ID83554,0
ID83555,1
ID83556,0
ID83557,1
ID83558,1
ID83559,1
ID83560,1
ID83561,1
ID83562,1
ID83563,1
ID83564,0
ID83565,1
ID83566,0
ID83567,1
ID83568,0
ID83569,1
ID83570,1
ID83571,0
ID83572,1
ID83573,1
ID83574,1
ID83575,0
ID83576,1
ID83577,0
ID83578,1
ID83579,1
ID83580,1
ID83581,1
ID83582,1
ID83583,1
ID83584,0
ID83585,0
ID83586,0
ID83587,0
ID83588,0
ID83589,0
ID83590,1
ID83591,1
ID83592,0
ID83593,0
ID83594,1
ID83595,0
ID83596,1
ID83597,0
ID83598,1
ID83599,1
ID83600,1
ID83601,1
ID83602,1
ID83603,1
ID83604,0
ID83605,0
ID83606,1
ID83607,1
ID83608,1
ID83609,1
ID83610,0
ID83611,1
ID83612,1
ID83613,0
ID83614,0
ID83615,1
ID83616,0
ID83617,1
ID83618,1
ID83619,1
ID83620,1
ID83621,1
ID83622,1
ID83623,1
ID83624,1
ID83625,0
ID83626,0
ID83627,0
ID83628,0
ID83629,1
ID83630,1
ID83631,0
ID83632,1
ID83633,1
ID83634,1
ID83635,0
ID83636,1
ID83637,1
ID83638,0
ID83639,1
ID83640,0
ID83641,0
ID83642,0
ID83643,1
ID83644,1
ID83645,0
ID83646,0
ID83647,1
ID83648,1
ID83649,0
ID83650,1
ID83651,0
ID83652,1
ID83653,1
ID83654,0
ID83655,0
ID83656,1
ID83657,1
ID83658,1
ID83659,1
ID83660,1
ID83661,0
ID83662,1
ID83663,0
ID83664,0
ID83665,0
ID83666,0
ID83667,1
ID83668,1
ID83669,1
ID83670,1
ID83671,1
ID83672,0
ID83673,1
ID83674,1
ID83675,1
ID83676,1
ID83677,1
ID83678,1
ID83679,0
ID83680,1
ID83681,1
ID83682,0
ID83683,1
ID83684,1
ID83685,1
ID83686,0
ID83687,1
ID83688,1
ID83689,0
ID83690,1
ID83691,0
ID83692,1
ID83693,1
ID83694,1
ID83695,1
ID83696,0
ID83697,0
ID83698,1
ID83699,0
ID83700,1
ID83701,1
ID83702,1
ID83703,0
ID83704,1
ID83705,1
ID83706,0
ID83707,1
ID83708,0
ID83709,1
ID83710,1
ID83711,1
ID83712,1
ID83713,1
ID83714,0
ID83715,1
ID83716,1
ID83717,1
ID83718,0
ID83719,0
ID83720,1
ID83721,1
ID83722,1
ID83723,1
ID83724,0
ID83725,1
ID83726,1
ID83727,1
ID83728,0
ID83729,1
ID83730,0
ID83731,1
ID83732,1
ID83733,0
ID83734,1
ID83735,1
ID83736,0
ID83737,1
ID83738,1
ID83739,1
ID83740,0
ID83741,1
ID83742,1
ID83743,0
ID83744,1
ID83745,1
ID83746,1
ID83747,0
ID83748,1
ID83749,1
ID83750,0
ID83751,1
ID83752,1
ID83753,1
ID83754,1
ID83755,1
ID83756,1
ID83757,1
ID83758,1
ID83759,1
ID83760,1
ID83761,1
ID83762,1
ID83763,1
ID83764,0
ID83765,1
ID83766,0
ID83767,1
ID83768,1
ID83769,1
ID83770,1
ID83771,1
ID83772,1
ID83773,0
ID83774,1
ID83775,0
ID83776,1
ID83777,0
ID83778,1
ID83779,1
ID83780,0
ID83781,1
ID83782,1
ID83783,0
ID83784,0
ID83785,1
ID83786,0
ID83787,1
ID83788,0
ID83789,1
ID83790,0
ID83791,0
ID83792,0
ID83793,1
ID83794,1
ID83795,0
ID83796,1
ID83797,1
ID83798,1
ID83799,1
ID83800,1
ID83801,0
ID83802,1
ID83803,1
ID83804,0
ID83805,0
ID83806,0
ID83807,0
ID83808,1
ID83809,1
ID83810,1
ID83811,1
ID83812,0
ID83813,0
ID83814,1
ID83815,1
ID83816,1
ID83817,0
ID83818,1
ID83819,1
ID83820,1
ID83821,1
ID83822,1
ID83823,1
ID83824,1
ID83825,0
ID83826,0
ID83827,1
ID83828,1
ID83829,1
ID83830,1
ID83831,0
ID83832,1
ID83833,1
ID83834,1
ID83835,1
ID83836,1
ID83837,1
ID83838,0
ID83839,1
ID83840,0
ID83841,1
ID83842,1
ID83843,1
ID83844,1
ID83845,1
ID83846,1
ID83847,1
ID83848,1
ID83849,1
ID83850,0
ID83851,1
ID83852,0
ID83853,1
ID83854,1
ID83855,1
ID83856,1
ID83857,1
ID83858,0
ID83859,0
ID83860,0
ID83861,1
ID83862,1
ID83863,1
ID83864,1
ID83865,1
ID83866,1
ID83867,0
ID83868,1
ID83869,1
ID83870,0
ID83871,1
ID83872,1
ID83873,1
ID83874,1
ID83875,1
ID83876,0
ID83877,0
ID83878,0
ID83879,0
ID83880,0
ID83881,1
ID83882,0
ID83883,0
ID83884,0
ID83885,1
ID83886,1
ID83887,1
ID83888,1
ID83889,0
ID83890,1
ID83891,0
ID83892,0
ID83893,1
ID83894,1
ID83895,1
ID83896,1
ID83897,0
ID83898,1
ID83899,1
ID83900,0
ID83901,1
ID83902,0
ID83903,0
ID83904,1
ID83905,0
ID83906,1
ID83907,1
ID83908,0
ID83909,0
ID83910,1
ID83911,1
ID83912,0
ID83913,0
ID83914,0
ID83915,1
ID83916,1
ID83917,1
ID83918,0
ID83919,1
ID83920,1
ID83921,1
ID83922,0
ID83923,0
ID83924,1
ID83925,1
ID83926,0
ID83927,1
ID83928,1
ID83929,1
ID83930,1
ID83931,1
ID83932,0
ID83933,1
ID83934,1
ID83935,0
ID83936,1
ID83937,1
ID83938,1
ID83939,1
ID83940,1
ID83941,1
ID83942,1
ID83943,1
ID83944,0
ID83945,1
ID83946,0
ID83947,0
ID83948,1
ID83949,1
ID83950,0
ID83951,0
ID83952,1
ID83953,0
ID83954,1
ID83955,1
ID83956,1
ID83957,1
ID83958,1
ID83959,1
ID83960,0
ID83961,1
ID83962,1
ID83963,0
ID83964,1
ID83965,1
ID83966,1
ID83967,1
ID83968,0
ID83969,0
ID83970,0
ID83971,0
ID83972,1
ID83973,0
ID83974,1
ID83975,1
ID83976,1
ID83977,1
ID83978,1
ID83979,1
ID83980,0
ID83981,0
ID83982,0
ID83983,0
ID83984,1
ID83985,1
ID83986,0
ID83987,1
ID83988,1
ID83989,1
ID83990,1
ID83991,0
ID83992,1
ID83993,1
ID83994,1
ID83995,1
ID83996,0
ID83997,1
ID83998,1
ID83999,0
ID84000,0
ID84001,1
ID84002,1
ID84003,0
ID84004,1
ID84005,0
ID84006,1
ID84007,0
ID84008,0
ID84009,1
ID84010,1
ID84011,1
ID84012,0
ID84013,0
ID84014,1
ID84015,1
ID84016,1
ID84017,0
ID84018,0
ID84019,1
ID84020,1
ID84021,1
ID84022,1
ID84023,0
ID84024,0
ID84025,1
ID84026,0
ID84027,0
ID84028,1
ID84029,0
ID84030,1
ID84031,1
ID84032,1
ID84033,1
ID84034,1
ID84035,0
ID84036,1
ID84037,1
ID84038,1
ID84039,1
ID84040,0
ID84041,1
ID84042,1
ID84043,1
ID84044,1
ID84045,1
ID84046,0
ID84047,1
ID84048,0
ID84049,1
ID84050,1
ID84051,1
ID84052,1
ID84053,1
ID84054,1
ID84055,1
ID84056,1
ID84057,0
ID84058,1
ID84059,0
ID84060,1
ID84061,1
ID84062,0
ID84063,0
ID84064,0
ID84065,0
ID84066,0
ID84067,0
ID84068,1
ID84069,1
ID84070,1
ID84071,0
ID84072,1
ID84073,0
ID84074,0
ID84075,1
ID84076,1
ID84077,1
ID84078,1
ID84079,1
ID84080,0
ID84081,1
ID84082,1
ID84083,1
ID84084,0
ID84085,1
ID84086,1
ID84087,1
ID84088,1
ID84089,1
ID84090,0
ID84091,0
ID84092,1
ID84093,1
ID84094,1
ID84095,0
ID84096,1
ID84097,0
ID84098,1
ID84099,1
ID84100,1
ID84101,1
ID84102,1
ID84103,0
ID84104,0
ID84105,1
ID84106,0
ID84107,0
ID84108,1
ID84109,1
ID84110,0
ID84111,0
ID84112,1
ID84113,1
ID84114,1
ID84115,1
ID84116,1
ID84117,1
ID84118,0
ID84119,0
ID84120,1
ID84121,0
ID84122,0
ID84123,1
ID84124,1
ID84125,1
ID84126,0
ID84127,1
ID84128,1
ID84129,0
ID84130,1
ID84131,1
ID84132,1
ID84133,1
ID84134,0
ID84135,1
ID84136,1
ID84137,0
ID84138,1
ID84139,0
ID84140,0
ID84141,1
ID84142,0
ID84143,1
ID84144,1
ID84145,0
ID84146,0
ID84147,0
ID84148,1
ID84149,1
ID84150,0
ID84151,1
ID84152,1
ID84153,0
ID84154,1
ID84155,1
ID84156,1
ID84157,1
ID84158,0
ID84159,0
ID84160,0
ID84161,1
ID84162,1
ID84163,1
ID84164,1
ID84165,1
ID84166,1
ID84167,0
ID84168,1
ID84169,0
ID84170,1
ID84171,1
ID84172,1
ID84173,1
ID84174,1
ID84175,0
ID84176,1
ID84177,0
ID84178,1
ID84179,1
ID84180,0
ID84181,0
ID84182,1
ID84183,1
ID84184,0
ID84185,0
ID84186,1
ID84187,1
ID84188,0
ID84189,1
ID84190,0
ID84191,1
ID84192,0
ID84193,0
ID84194,0
ID84195,0
ID84196,1
ID84197,1
ID84198,1
ID84199,1
ID84200,1
ID84201,0
ID84202,1
ID84203,0
ID84204,1
ID84205,1
ID84206,1
ID84207,0
ID84208,1
ID84209,0
ID84210,1
ID84211,0
ID84212,1
ID84213,1
ID84214,1
ID84215,0
ID84216,1
ID84217,1
ID84218,0
ID84219,1
ID84220,1
ID84221,1
ID84222,0
ID84223,1
ID84224,0
ID84225,0
ID84226,1
ID84227,1
ID84228,1
ID84229,1
ID84230,1
ID84231,1
ID84232,0
ID84233,0
ID84234,0
ID84235,0
ID84236,0
ID84237,0
ID84238,1
ID84239,1
ID84240,0
ID84241,0
ID84242,1
ID84243,1
ID84244,1
ID84245,0
ID84246,0
ID84247,1
ID84248,0
ID84249,0
ID84250,0
ID84251,0
ID84252,1
ID84253,1
ID84254,0
ID84255,1
ID84256,1
ID84257,0
ID84258,1
ID84259,0
ID84260,1
ID84261,1
ID84262,1
ID84263,1
ID84264,1
ID84265,1
ID84266,1
ID84267,0
ID84268,0
ID84269,1
ID84270,1
ID84271,0
ID84272,1
ID84273,0
ID84274,1
ID84275,1
ID84276,1
ID84277,1
ID84278,0
ID84279,0
ID84280,0
ID84281,1
ID84282,1
ID84283,1
ID84284,0
ID84285,0
ID84286,0
ID84287,1
ID84288,0
ID84289,1
ID84290,1
ID84291,0
ID84292,1
ID84293,1
ID84294,0
ID84295,1
ID84296,0
ID84297,1
ID84298,1
ID84299,0
ID84300,0
ID84301,1
ID84302,0
ID84303,0
ID84304,1
ID84305,0
ID84306,1
ID84307,0
ID84308,1
ID84309,0
ID84310,0
ID84311,0
ID84312,1
ID84313,1
ID84314,0
ID84315,0
ID84316,1
ID84317,1
ID84318,1
ID84319,0
ID84320,1
ID84321,1
ID84322,1
ID84323,0
ID84324,1
ID84325,1
ID84326,0
ID84327,1
ID84328,0
ID84329,1
ID84330,1
ID84331,0
ID84332,1
ID84333,1
ID84334,1
ID84335,1
ID84336,1
ID84337,1
ID84338,0
ID84339,1
ID84340,1
ID84341,1
ID84342,1
ID84343,1
ID84344,0
ID84345,1
ID84346,1
ID84347,1
ID84348,1
ID84349,1
ID84350,0
ID84351,1
ID84352,0
ID84353,0
ID84354,1
ID84355,1
ID84356,1
ID84357,1
ID84358,1
ID84359,1
ID84360,0
ID84361,1
ID84362,0
ID84363,1
ID84364,1
ID84365,1
ID84366,1
ID84367,0
ID84368,1
ID84369,1
ID84370,1
ID84371,0
ID84372,1
ID84373,1
ID84374,1
ID84375,1
ID84376,1
ID84377,1
ID84378,1
ID84379,0
ID84380,1
ID84381,1
ID84382,1
ID84383,1
ID84384,1
ID84385,0
ID84386,1
ID84387,1
ID84388,1
ID84389,1
ID84390,0
ID84391,0
ID84392,1
ID84393,0
ID84394,0
ID84395,1
ID84396,1
ID84397,0
ID84398,0
ID84399,1
ID84400,0
ID84401,1
ID84402,1
ID84403,1
ID84404,0
ID84405,1
ID84406,1
ID84407,1
ID84408,0
ID84409,1
ID84410,0
ID84411,0
ID84412,1
ID84413,1
ID84414,1
ID84415,1
ID84416,0
ID84417,1
ID84418,1
ID84419,0
ID84420,1
ID84421,1
ID84422,1
ID84423,1
ID84424,1
ID84425,1
ID84426,1
ID84427,0
ID84428,0
ID84429,1
ID84430,0
ID84431,1
ID84432,0
ID84433,1
ID84434,1
ID84435,1
ID84436,0
ID84437,1
ID84438,0
ID84439,0
ID84440,1
ID84441,1
ID84442,1
ID84443,1
ID84444,0
ID84445,1
ID84446,1
ID84447,1
ID84448,0
ID84449,1
ID84450,0
ID84451,0
ID84452,1
ID84453,1
ID84454,1
ID84455,0
ID84456,0
ID84457,1
ID84458,1
ID84459,0
ID84460,1
ID84461,0
ID84462,1
ID84463,1
ID84464,1
ID84465,1
ID84466,1
ID84467,1
ID84468,0
ID84469,1
ID84470,1
ID84471,0
ID84472,0
ID84473,0
ID84474,0
ID84475,1
ID84476,1
ID84477,1
ID84478,1
ID84479,1
ID84480,1
ID84481,1
ID84482,0
ID84483,1
ID84484,0
ID84485,1
ID84486,0
ID84487,0
ID84488,1
ID84489,1
ID84490,0
ID84491,1
ID84492,1
ID84493,1
ID84494,0
ID84495,1
ID84496,0
ID84497,0
ID84498,1
ID84499,1
ID84500,1
ID84501,1
ID84502,1
ID84503,1
ID84504,1
ID84505,1
ID84506,0
ID84507,0
ID84508,1
ID84509,1
ID84510,1
ID84511,1
ID84512,1
ID84513,1
ID84514,1
ID84515,1
ID84516,1
ID84517,0
ID84518,1
ID84519,1
ID84520,0
ID84521,0
ID84522,0
ID84523,0
ID84524,1
ID84525,1
ID84526,1
ID84527,0
ID84528,0
ID84529,0
ID84530,1
ID84531,1
ID84532,1
ID84533,1
ID84534,1
ID84535,1
ID84536,0
ID84537,1
ID84538,1
ID84539,1
ID84540,1
ID84541,1
ID84542,0
ID84543,1
ID84544,1
ID84545,0
ID84546,1
ID84547,1
ID84548,0
ID84549,1
ID84550,1
ID84551,0
ID84552,1
ID84553,1
ID84554,1
ID84555,1
ID84556,1
ID84557,1
ID84558,1
ID84559,1
ID84560,1
ID84561,1
ID84562,0
ID84563,1
ID84564,0
ID84565,0
ID84566,1
ID84567,1
ID84568,1
ID84569,0
ID84570,0
ID84571,0
ID84572,0
ID84573,1
ID84574,1
ID84575,1
ID84576,0
ID84577,1
ID84578,1
ID84579,1
ID84580,0
ID84581,1
ID84582,1
ID84583,1
ID84584,1
ID84585,0
ID84586,1
ID84587,1
ID84588,0
ID84589,1
ID84590,1
ID84591,0
ID84592,1
ID84593,0
ID84594,0
ID84595,1
ID84596,1
ID84597,1
ID84598,1
ID84599,1
ID84600,1
ID84601,1
ID84602,1
ID84603,1
ID84604,1
ID84605,1
ID84606,1
ID84607,1
ID84608,1
ID84609,1
ID84610,0
ID84611,0
ID84612,1
ID84613,0
ID84614,1
ID84615,0
ID84616,0
ID84617,1
ID84618,1
ID84619,1
ID84620,0
ID84621,1
ID84622,0
ID84623,1
ID84624,0
ID84625,1
ID84626,1
ID84627,1
ID84628,0
ID84629,0
ID84630,1
ID84631,1
ID84632,0
ID84633,1
ID84634,1
ID84635,1
ID84636,1
ID84637,1
ID84638,0
ID84639,0
ID84640,1
ID84641,1
ID84642,1
ID84643,1
ID84644,1
ID84645,0
ID84646,1
ID84647,0
ID84648,1
ID84649,0
ID84650,0
ID84651,1
ID84652,1
ID84653,1
ID84654,1
ID84655,1
ID84656,1
ID84657,1
ID84658,1
ID84659,1
ID84660,0
ID84661,1
ID84662,1
ID84663,1
ID84664,0
ID84665,1
ID84666,1
ID84667,0
ID84668,1
ID84669,1
ID84670,1
ID84671,1
ID84672,0
ID84673,1
ID84674,1
ID84675,1
ID84676,1
ID84677,1
ID84678,0
ID84679,1
ID84680,0
ID84681,0
ID84682,0
ID84683,1
ID84684,1
ID84685,0
ID84686,1
ID84687,1
ID84688,1
ID84689,1
ID84690,1
ID84691,1
ID84692,0
ID84693,1
ID84694,1
ID84695,0
ID84696,1
ID84697,1
ID84698,1
ID84699,0
ID84700,0
ID84701,1
ID84702,1
ID84703,1
ID84704,0
ID84705,1
ID84706,1
ID84707,0
ID84708,1
ID84709,0
ID84710,1
ID84711,0
ID84712,0
ID84713,0
ID84714,1
ID84715,1
ID84716,1
ID84717,1
ID84718,0
ID84719,1
ID84720,0
ID84721,1
ID84722,1
ID84723,0
ID84724,0
ID84725,1
ID84726,0
ID84727,1
ID84728,0
ID84729,1
ID84730,1
ID84731,0
ID84732,0
ID84733,0
ID84734,1
ID84735,0
ID84736,0
ID84737,1
ID84738,0
ID84739,1
ID84740,1
ID84741,0
ID84742,1
ID84743,0
ID84744,1
ID84745,1
ID84746,0
ID84747,1
ID84748,1
ID84749,1
ID84750,1
ID84751,1
ID84752,1
ID84753,0
ID84754,1
ID84755,1
ID84756,0
ID84757,1
ID84758,1
ID84759,0
ID84760,1
ID84761,1
ID84762,1
ID84763,1
ID84764,0
ID84765,0
ID84766,0
ID84767,0
ID84768,0
ID84769,1
ID84770,1
ID84771,0
ID84772,0
ID84773,1
ID84774,1
ID84775,1
ID84776,1
ID84777,1
ID84778,0
ID84779,0
ID84780,1
ID84781,1
ID84782,1
ID84783,0
ID84784,0
ID84785,1
ID84786,1
ID84787,1
ID84788,0
ID84789,1
ID84790,1
ID84791,1
ID84792,1
ID84793,1
ID84794,0
ID84795,0
ID84796,1
ID84797,1
ID84798,0
ID84799,1
ID84800,1
ID84801,1
ID84802,1
ID84803,1
ID84804,1
ID84805,0
ID84806,0
ID84807,0
ID84808,1
ID84809,0
ID84810,1
ID84811,1
ID84812,0
ID84813,1
ID84814,1
ID84815,1
ID84816,1
ID84817,1
ID84818,1
ID84819,0
ID84820,0
ID84821,1
ID84822,1
ID84823,1
ID84824,1
ID84825,0
ID84826,1
ID84827,1
ID84828,0
ID84829,0
ID84830,1
ID84831,1
ID84832,0
ID84833,1
ID84834,1
ID84835,1
ID84836,0
ID84837,1
ID84838,1
ID84839,1
ID84840,1
ID84841,1
ID84842,0
ID84843,1
ID84844,1
ID84845,1
ID84846,1
ID84847,1
ID84848,1
ID84849,0
ID84850,1
ID84851,0
ID84852,0
ID84853,1
ID84854,1
ID84855,1
ID84856,1
ID84857,1
ID84858,0
ID84859,0
ID84860,1
ID84861,0
ID84862,1
ID84863,1
ID84864,1
ID84865,1
ID84866,1
ID84867,0
ID84868,0
ID84869,1
ID84870,0
ID84871,1
ID84872,1
ID84873,1
ID84874,0
ID84875,0
ID84876,1
ID84877,0
ID84878,0
ID84879,0
ID84880,1
ID84881,0
ID84882,1
ID84883,1
ID84884,1
ID84885,0
ID84886,0
ID84887,0
ID84888,1
ID84889,1
ID84890,0
ID84891,1
ID84892,1
ID84893,1
ID84894,1
ID84895,1
ID84896,0
ID84897,0
ID84898,1
ID84899,0
ID84900,1
ID84901,1
ID84902,0
ID84903,1
ID84904,1
ID84905,1
ID84906,1
ID84907,1
ID84908,1
ID84909,1
ID84910,1
ID84911,1
ID84912,1
ID84913,1
ID84914,1
ID84915,1
ID84916,1
ID84917,0
ID84918,1
ID84919,1
ID84920,1
ID84921,0
ID84922,1
ID84923,1
ID84924,1
ID84925,1
ID84926,0
ID84927,0
ID84928,1
ID84929,1
ID84930,1
ID84931,1
ID84932,0
ID84933,1
ID84934,0
ID84935,1
ID84936,1
ID84937,0
ID84938,0
ID84939,1
ID84940,0
ID84941,1
ID84942,1
ID84943,0
ID84944,1
ID84945,1
ID84946,1
ID84947,1
ID84948,1
ID84949,1
ID84950,1
ID84951,1
ID84952,0
ID84953,1
ID84954,0
ID84955,1
ID84956,0
ID84957,1
ID84958,1
ID84959,0
ID84960,1
ID84961,0
ID84962,1
ID84963,1
ID84964,1
ID84965,1
ID84966,1
ID84967,1
ID84968,1
ID84969,1
ID84970,0
ID84971,1
ID84972,1
ID84973,1
ID84974,0
ID84975,1
ID84976,1
ID84977,0
ID84978,1
ID84979,1
ID84980,1
ID84981,1
ID84982,1
ID84983,1
ID84984,1
ID84985,1
ID84986,0
ID84987,1
ID84988,1
ID84989,1
ID84990,1
ID84991,1
ID84992,1
ID84993,1
ID84994,0
ID84995,1
ID84996,1
ID84997,1
ID84998,1
ID84999,1
ID85000,0
ID85001,0
ID85002,1
ID85003,0
ID85004,1
ID85005,1
ID85006,0
ID85007,1
ID85008,1
ID85009,1
ID85010,1
ID85011,1
ID85012,1
ID85013,1
ID85014,1
ID85015,1
ID85016,1
ID85017,0
ID85018,1
ID85019,0
ID85020,0
ID85021,1
ID85022,1
ID85023,0
ID85024,0
ID85025,1
ID85026,0
ID85027,1
ID85028,1
ID85029,1
ID85030,0
ID85031,0
ID85032,0
ID85033,0
ID85034,1
ID85035,1
ID85036,1
ID85037,0
ID85038,1
ID85039,1
ID85040,1
ID85041,1
ID85042,0
ID85043,0
ID85044,1
ID85045,1
ID85046,1
ID85047,0
ID85048,1
ID85049,1
ID85050,1
ID85051,1
ID85052,0
ID85053,1
ID85054,0
ID85055,1
ID85056,0
ID85057,1
ID85058,1
ID85059,1
ID85060,0
ID85061,0
ID85062,0
ID85063,0
ID85064,1
ID85065,0
ID85066,0
ID85067,0
ID85068,1
ID85069,1
ID85070,1
ID85071,1
ID85072,0
ID85073,1
ID85074,1
ID85075,1
ID85076,1
ID85077,1
ID85078,1
ID85079,0
ID85080,0
ID85081,1
ID85082,0
ID85083,1
ID85084,1
ID85085,1
ID85086,1
ID85087,0
ID85088,0
ID85089,0
ID85090,1
ID85091,1
ID85092,1
ID85093,1
ID85094,0
ID85095,1
ID85096,1
ID85097,1
ID85098,0
ID85099,1
ID85100,0
ID85101,1
ID85102,1
ID85103,1
ID85104,0
ID85105,1
ID85106,1
ID85107,1
ID85108,1
ID85109,0
ID85110,1
ID85111,1
ID85112,1
ID85113,1
ID85114,0
ID85115,0
ID85116,1
ID85117,0
ID85118,1
ID85119,0
ID85120,0
ID85121,1
ID85122,1
ID85123,0
ID85124,0
ID85125,1
ID85126,1
ID85127,1
ID85128,1
ID85129,1
ID85130,1
ID85131,1
ID85132,1
ID85133,1
ID85134,1
ID85135,0
ID85136,1
ID85137,1
ID85138,0
ID85139,1
ID85140,1
ID85141,1
ID85142,1
ID85143,0
ID85144,1
ID85145,1
ID85146,1
ID85147,1
ID85148,1
ID85149,1
ID85150,0
ID85151,1
ID85152,1
ID85153,1
ID85154,0
ID85155,1
ID85156,0
ID85157,0
ID85158,1
ID85159,1
ID85160,1
ID85161,1
ID85162,0
ID85163,0
ID85164,1
ID85165,0
ID85166,1
ID85167,1
ID85168,1
ID85169,1
ID85170,0
ID85171,0
ID85172,1
ID85173,1
ID85174,1
ID85175,1
ID85176,1
ID85177,1
ID85178,1
ID85179,0
ID85180,0
ID85181,1
ID85182,1
ID85183,1
ID85184,1
ID85185,0
ID85186,0
ID85187,1
ID85188,1
ID85189,0
ID85190,1
ID85191,0
ID85192,1
ID85193,1
ID85194,1
ID85195,0
ID85196,0
ID85197,1
ID85198,1
ID85199,0
ID85200,1
ID85201,1
ID85202,1
ID85203,1
ID85204,1
ID85205,0
ID85206,1
ID85207,1
ID85208,1
ID85209,0
ID85210,1
ID85211,1
ID85212,1
ID85213,0
ID85214,1
ID85215,1
ID85216,1
ID85217,0
ID85218,1
ID85219,0
ID85220,1
ID85221,1
ID85222,1
ID85223,1
ID85224,1
ID85225,0
ID85226,1
ID85227,1
ID85228,0
ID85229,0
ID85230,1
ID85231,0
ID85232,1
ID85233,1
ID85234,1
ID85235,0
ID85236,0
ID85237,1
ID85238,1
ID85239,1
ID85240,1
ID85241,1
ID85242,1
ID85243,0
ID85244,0
ID85245,1
ID85246,1
ID85247,0
ID85248,0
ID85249,0
ID85250,1
ID85251,1
ID85252,1
ID85253,1
ID85254,1
ID85255,1
ID85256,1
ID85257,1
ID85258,0
ID85259,1
ID85260,1
ID85261,1
ID85262,1
ID85263,0
ID85264,1
ID85265,0
ID85266,0
ID85267,0
ID85268,1
ID85269,1
ID85270,1
ID85271,1
ID85272,1
ID85273,1
ID85274,1
ID85275,0
ID85276,1
ID85277,0
ID85278,1
ID85279,0
ID85280,1
ID85281,1
ID85282,1
ID85283,1
ID85284,1
ID85285,1
ID85286,1
ID85287,1
ID85288,1
ID85289,0
ID85290,1
ID85291,1
ID85292,1
ID85293,1
ID85294,0
ID85295,1
ID85296,1
ID85297,1
ID85298,0
ID85299,1
ID85300,0
ID85301,1
ID85302,1
ID85303,1
ID85304,1
ID85305,0
ID85306,1
ID85307,0
ID85308,1
ID85309,0
ID85310,1
ID85311,0
ID85312,1
ID85313,1
ID85314,1
ID85315,0
ID85316,1
ID85317,1
ID85318,0
ID85319,1
ID85320,1
ID85321,0
ID85322,1
ID85323,1
ID85324,1
ID85325,1
ID85326,0
ID85327,1
ID85328,1
ID85329,1
ID85330,1
ID85331,1
ID85332,0
ID85333,0
ID85334,0
ID85335,0
ID85336,1
ID85337,1
ID85338,1
ID85339,0
ID85340,1
ID85341,1
ID85342,1
ID85343,0
ID85344,1
ID85345,1
ID85346,1
ID85347,1
ID85348,1
ID85349,0
ID85350,0
ID85351,1
ID85352,1
ID85353,1
ID85354,1
ID85355,1
ID85356,1
ID85357,0
ID85358,0
ID85359,0
ID85360,1
ID85361,1
ID85362,1
ID85363,0
ID85364,1
ID85365,0
ID85366,0
ID85367,0
ID85368,1
ID85369,1
ID85370,1
ID85371,0
ID85372,1
ID85373,1
ID85374,1
ID85375,0
ID85376,1
ID85377,1
ID85378,0
ID85379,1
ID85380,1
ID85381,1
ID85382,0
ID85383,1
ID85384,1
ID85385,1
ID85386,0
ID85387,0
ID85388,0
ID85389,0
ID85390,1
ID85391,0
ID85392,1
ID85393,1
ID85394,1
ID85395,1
ID85396,1
ID85397,1
ID85398,1
ID85399,1
ID85400,1
ID85401,1
ID85402,1
ID85403,1
ID85404,1
ID85405,1
ID85406,0
ID85407,0
ID85408,0
ID85409,1
ID85410,1
ID85411,1
ID85412,0
ID85413,1
ID85414,1
ID85415,1
ID85416,1
ID85417,1
ID85418,1
ID85419,0
ID85420,1
ID85421,0
ID85422,0
ID85423,0
ID85424,0
ID85425,1
ID85426,1
ID85427,1
ID85428,1
ID85429,0
ID85430,1
ID85431,1
ID85432,0
ID85433,1
ID85434,1
ID85435,0
ID85436,1
ID85437,1
ID85438,1
ID85439,1
ID85440,1
ID85441,1
ID85442,0
ID85443,1
ID85444,1
ID85445,1
ID85446,1
ID85447,1
ID85448,1
ID85449,0
ID85450,1
ID85451,1
ID85452,1
ID85453,1
ID85454,0
ID85455,1
ID85456,0
ID85457,1
ID85458,1
ID85459,1
ID85460,0
ID85461,0
ID85462,1
ID85463,0
ID85464,1
ID85465,1
ID85466,0
ID85467,1
ID85468,1
ID85469,1
ID85470,1
ID85471,0
ID85472,1
ID85473,1
ID85474,0
ID85475,0
ID85476,1
ID85477,0
ID85478,1
ID85479,0
ID85480,1
ID85481,0
ID85482,0
ID85483,1
ID85484,1
ID85485,1
ID85486,0
ID85487,1
ID85488,1
ID85489,1
ID85490,1
ID85491,1
ID85492,0
ID85493,0
ID85494,1
ID85495,1
ID85496,0
ID85497,0
ID85498,1
ID85499,0
ID85500,1
ID85501,1
ID85502,1
ID85503,1
ID85504,1
ID85505,1
ID85506,1
ID85507,1
ID85508,1
ID85509,1
ID85510,1
ID85511,1
ID85512,0
ID85513,1
ID85514,1
ID85515,0
ID85516,1
ID85517,0
ID85518,0
ID85519,1
ID85520,1
ID85521,1
ID85522,0
ID85523,1
ID85524,0
ID85525,1
ID85526,1
ID85527,1
ID85528,0
ID85529,1
ID85530,1
ID85531,1
ID85532,0
ID85533,0
ID85534,1
ID85535,1
ID85536,1
ID85537,0
ID85538,0
ID85539,1
ID85540,1
ID85541,0
ID85542,1
ID85543,1
ID85544,1
ID85545,0
ID85546,1
ID85547,1
ID85548,1
ID85549,1
ID85550,0
ID85551,1
ID85552,1
ID85553,1
ID85554,0
ID85555,1
ID85556,1
ID85557,0
ID85558,1
ID85559,1
ID85560,1
ID85561,0
ID85562,1
ID85563,1
ID85564,0
ID85565,0
ID85566,1
ID85567,1
ID85568,1
ID85569,0
ID85570,1
ID85571,0
ID85572,0
ID85573,0
ID85574,1
ID85575,1
ID85576,1
ID85577,1
ID85578,1
ID85579,0
ID85580,1
ID85581,0
ID85582,0
ID85583,0
ID85584,0
ID85585,0
ID85586,1
ID85587,0
ID85588,1
ID85589,1
ID85590,0
ID85591,0
ID85592,1
ID85593,1
ID85594,1
ID85595,1
ID85596,1
ID85597,1
ID85598,0
ID85599,1
ID85600,1
ID85601,1
ID85602,1
ID85603,0
ID85604,1
ID85605,0
ID85606,0
ID85607,0
ID85608,0
ID85609,1
ID85610,1
ID85611,1
ID85612,1
ID85613,1
ID85614,1
ID85615,1
ID85616,1
ID85617,1
ID85618,1
ID85619,1
ID85620,1
ID85621,1
ID85622,1
ID85623,1
ID85624,0
ID85625,1
ID85626,1
ID85627,1
ID85628,1
ID85629,1
ID85630,1
ID85631,1
ID85632,0
ID85633,1
ID85634,1
ID85635,0
ID85636,0
ID85637,0
ID85638,1
ID85639,1
ID85640,1
ID85641,1
ID85642,1
ID85643,1
ID85644,1
ID85645,1
ID85646,0
ID85647,1
ID85648,1
ID85649,1
ID85650,0
ID85651,0
ID85652,1
ID85653,1
ID85654,0
ID85655,1
ID85656,0
ID85657,1
ID85658,0
ID85659,0
ID85660,1
ID85661,1
ID85662,0
ID85663,1
ID85664,1
ID85665,1
ID85666,1
ID85667,1
ID85668,1
ID85669,1
ID85670,0
ID85671,1
ID85672,1
ID85673,1
ID85674,0
ID85675,1
ID85676,1
ID85677,1
ID85678,1
ID85679,1
ID85680,1
ID85681,1
ID85682,1
ID85683,1
ID85684,0
ID85685,0
ID85686,1
ID85687,1
ID85688,0
ID85689,1
ID85690,0
ID85691,1
ID85692,1
ID85693,1
ID85694,0
ID85695,1
ID85696,0
ID85697,1
ID85698,1
ID85699,1
ID85700,1
ID85701,1
ID85702,0
ID85703,0
ID85704,1
ID85705,0
ID85706,1
ID85707,1
ID85708,0
ID85709,0
ID85710,0
ID85711,1
ID85712,1
ID85713,1
ID85714,1
ID85715,0
ID85716,1
ID85717,1
ID85718,1
ID85719,0
ID85720,1
ID85721,0
ID85722,1
ID85723,0
ID85724,0
ID85725,0
ID85726,0
ID85727,1
ID85728,1
ID85729,0
ID85730,1
ID85731,1
ID85732,1
ID85733,1
ID85734,0
ID85735,0
ID85736,1
ID85737,1
ID85738,1
ID85739,0
ID85740,1
ID85741,0
ID85742,1
ID85743,0
ID85744,1
ID85745,1
ID85746,1
ID85747,1
ID85748,1
ID85749,1
ID85750,1
ID85751,0
ID85752,1
ID85753,1
ID85754,1
ID85755,0
ID85756,1
ID85757,0
ID85758,1
ID85759,0
ID85760,0
ID85761,1
ID85762,1
ID85763,0
ID85764,0
ID85765,1
ID85766,1
ID85767,0
ID85768,1
ID85769,1
ID85770,0
ID85771,1
ID85772,1
ID85773,1
ID85774,1
ID85775,0
ID85776,1
ID85777,1
ID85778,0
ID85779,1
ID85780,0
ID85781,1
ID85782,1
ID85783,1
ID85784,0
ID85785,0
ID85786,1
ID85787,1
ID85788,1
ID85789,0
ID85790,0
ID85791,1
ID85792,0
ID85793,0
ID85794,1
ID85795,1
ID85796,0
ID85797,0
ID85798,1
ID85799,1
ID85800,1
ID85801,1
ID85802,0
ID85803,1
ID85804,0
ID85805,0
ID85806,0
ID85807,1
ID85808,1
ID85809,1
ID85810,1
ID85811,1
ID85812,0
ID85813,1
ID85814,1
ID85815,0
ID85816,0
ID85817,0
ID85818,1
ID85819,0
ID85820,1
ID85821,0
ID85822,1
ID85823,1
ID85824,1
ID85825,1
ID85826,1
ID85827,1
ID85828,1
ID85829,1
ID85830,1
ID85831,0
ID85832,0
ID85833,1
ID85834,0
ID85835,1
ID85836,1
ID85837,0
ID85838,0
ID85839,1
ID85840,1
ID85841,0
ID85842,1
ID85843,1
ID85844,1
ID85845,1
ID85846,1
ID85847,0
ID85848,1
ID85849,0
ID85850,1
ID85851,0
ID85852,1
ID85853,1
ID85854,1
ID85855,0
ID85856,1
ID85857,0
ID85858,1
ID85859,1
ID85860,1
ID85861,1
ID85862,0
ID85863,0
ID85864,1
ID85865,0
ID85866,1
ID85867,1
ID85868,0
ID85869,0
ID85870,0
ID85871,1
ID85872,0
ID85873,0
ID85874,0
ID85875,1
ID85876,1
ID85877,1
ID85878,1
ID85879,1
ID85880,0
ID85881,1
ID85882,1
ID85883,1
ID85884,1
ID85885,1
ID85886,1
ID85887,1
ID85888,0
ID85889,1
ID85890,1
ID85891,1
ID85892,1
ID85893,1
ID85894,0
ID85895,1
ID85896,1
ID85897,0
ID85898,0
ID85899,1
ID85900,1
ID85901,1
ID85902,1
ID85903,1
ID85904,0
ID85905,0
ID85906,1
ID85907,1
ID85908,1
ID85909,1
ID85910,1
ID85911,1
ID85912,1
ID85913,1
ID85914,1
ID85915,1
ID85916,1
ID85917,1
ID85918,0
ID85919,1
ID85920,0
ID85921,0
ID85922,1
ID85923,0
ID85924,0
ID85925,1
ID85926,1
ID85927,1
ID85928,0
ID85929,1
ID85930,1
ID85931,1
ID85932,0
ID85933,0
ID85934,0
ID85935,1
ID85936,0
ID85937,1
ID85938,1
ID85939,1
ID85940,1
ID85941,0
ID85942,1
ID85943,0
ID85944,0
ID85945,0
ID85946,1
ID85947,1
ID85948,1
ID85949,1
ID85950,1
ID85951,1
ID85952,0
ID85953,0
ID85954,1
ID85955,0
ID85956,0
ID85957,1
ID85958,1
ID85959,1
ID85960,1
ID85961,1
ID85962,1
ID85963,1
ID85964,1
ID85965,1
ID85966,0
ID85967,1
ID85968,0
ID85969,1
ID85970,1
ID85971,0
ID85972,1
ID85973,0
ID85974,0
ID85975,1
ID85976,0
ID85977,1
ID85978,1
ID85979,1
ID85980,1
ID85981,1
ID85982,1
ID85983,1
ID85984,1
ID85985,1
ID85986,0
ID85987,0
ID85988,0
ID85989,0
ID85990,1
ID85991,1
ID85992,0
ID85993,0
ID85994,0
ID85995,1
ID85996,1
ID85997,1
ID85998,1
ID85999,1
ID86000,0
ID86001,0
ID86002,0
ID86003,1
ID86004,1
ID86005,1
ID86006,1
ID86007,1
ID86008,1
ID86009,0
ID86010,0
ID86011,1
ID86012,0
ID86013,0
ID86014,1
ID86015,1
ID86016,0
ID86017,0
ID86018,1
ID86019,1
ID86020,1
ID86021,1
ID86022,1
ID86023,0
ID86024,1
ID86025,1
ID86026,0
ID86027,1
ID86028,0
ID86029,0
ID86030,1
ID86031,0
ID86032,0
ID86033,1
ID86034,1
ID86035,1
ID86036,1
ID86037,0
ID86038,0
ID86039,0
ID86040,0
ID86041,1
ID86042,0
ID86043,0
ID86044,1
ID86045,1
ID86046,1
ID86047,1
ID86048,1
ID86049,0
ID86050,1
ID86051,0
ID86052,1
ID86053,1
ID86054,0
ID86055,0
ID86056,0
ID86057,1
ID86058,1
ID86059,1
ID86060,0
ID86061,0
ID86062,1
ID86063,1
ID86064,0
ID86065,1
ID86066,1
ID86067,1
ID86068,0
ID86069,1
ID86070,1
ID86071,1
ID86072,1
ID86073,0
ID86074,1
ID86075,1
ID86076,1
ID86077,1
ID86078,1
ID86079,1
ID86080,0
ID86081,1
ID86082,1
ID86083,0
ID86084,0
ID86085,1
ID86086,1
ID86087,1
ID86088,1
ID86089,1
ID86090,1
ID86091,1
ID86092,0
ID86093,0
ID86094,1
ID86095,1
ID86096,1
ID86097,0
ID86098,1
ID86099,1
ID86100,0
ID86101,0
ID86102,1
ID86103,0
ID86104,1
ID86105,1
ID86106,1
ID86107,1
ID86108,1
ID86109,1
ID86110,1
ID86111,0
ID86112,1
ID86113,1
ID86114,1
ID86115,0
ID86116,1
ID86117,0
ID86118,0
ID86119,0
ID86120,1
ID86121,0
ID86122,1
ID86123,0
ID86124,1
ID86125,1
ID86126,1
ID86127,1
ID86128,0
ID86129,1
ID86130,0
ID86131,1
ID86132,1
ID86133,1
ID86134,1
ID86135,1
ID86136,0
ID86137,1
ID86138,0
ID86139,0
ID86140,1
ID86141,0
ID86142,1
ID86143,1
ID86144,1
ID86145,0
ID86146,1
ID86147,0
ID86148,1
ID86149,1
ID86150,0
ID86151,1
ID86152,0
ID86153,1
ID86154,1
ID86155,1
ID86156,1
ID86157,0
ID86158,1
ID86159,1
ID86160,1
ID86161,1
ID86162,1
ID86163,1
ID86164,1
ID86165,1
ID86166,1
ID86167,1
ID86168,0
ID86169,0
ID86170,0
ID86171,1
ID86172,1
ID86173,1
ID86174,1
ID86175,1
ID86176,1
ID86177,1
ID86178,0
ID86179,1
ID86180,0
ID86181,1
ID86182,1
ID86183,1
ID86184,0
ID86185,0
ID86186,0
ID86187,0
ID86188,1
ID86189,1
ID86190,0
ID86191,1
ID86192,1
ID86193,1
ID86194,1
ID86195,0
ID86196,0
ID86197,1
ID86198,0
ID86199,1
ID86200,1
ID86201,0
ID86202,1
ID86203,0
ID86204,1
ID86205,1
ID86206,1
ID86207,0
ID86208,1
ID86209,1
ID86210,0
ID86211,1
ID86212,1
ID86213,1
ID86214,1
ID86215,1
ID86216,0
ID86217,0
ID86218,1
ID86219,1
ID86220,1
ID86221,1
ID86222,1
ID86223,1
ID86224,0
ID86225,1
ID86226,0
ID86227,1
ID86228,1
ID86229,1
ID86230,1
ID86231,0
ID86232,1
ID86233,1
ID86234,0
ID86235,0
ID86236,0
ID86237,0
ID86238,1
ID86239,1
ID86240,1
ID86241,1
ID86242,0
ID86243,1
ID86244,1
ID86245,0
ID86246,1
ID86247,1
ID86248,0
ID86249,1
ID86250,1
ID86251,0
ID86252,1
ID86253,1
ID86254,0
ID86255,1
ID86256,1
ID86257,0
ID86258,0
ID86259,0
ID86260,0
ID86261,0
ID86262,0
ID86263,1
ID86264,1
ID86265,1
ID86266,1
ID86267,0
ID86268,0
ID86269,1
ID86270,1
ID86271,1
ID86272,1
ID86273,0
ID86274,1
ID86275,1
ID86276,0
ID86277,1
ID86278,0
ID86279,1
ID86280,1
ID86281,0
ID86282,1
ID86283,0
ID86284,0
ID86285,1
ID86286,1
ID86287,0
ID86288,1
ID86289,0
ID86290,1
ID86291,0
ID86292,1
ID86293,0
ID86294,1
ID86295,0
ID86296,0
ID86297,1
ID86298,1
ID86299,0
ID86300,1
ID86301,1
ID86302,1
ID86303,0
ID86304,1
ID86305,0
ID86306,1
ID86307,1
ID86308,0
ID86309,1
ID86310,1
ID86311,1
ID86312,0
ID86313,1
ID86314,0
ID86315,1
ID86316,0
ID86317,0
ID86318,0
ID86319,1
ID86320,1
ID86321,1
ID86322,1
ID86323,1
ID86324,1
ID86325,1
ID86326,1
ID86327,1
ID86328,0
ID86329,0
ID86330,1
ID86331,1
ID86332,0
ID86333,1
ID86334,1
ID86335,0
ID86336,0
ID86337,1
ID86338,1
ID86339,1
ID86340,0
ID86341,1
ID86342,1
ID86343,1
ID86344,1
ID86345,1
ID86346,1
ID86347,0
ID86348,1
ID86349,0
ID86350,1
ID86351,1
ID86352,1
ID86353,1
ID86354,0
ID86355,1
ID86356,1
ID86357,1
ID86358,1
ID86359,1
ID86360,1
ID86361,1
ID86362,0
ID86363,1
ID86364,1
ID86365,1
ID86366,1
ID86367,1
ID86368,0
ID86369,1
ID86370,1
ID86371,0
ID86372,1
ID86373,0
ID86374,1
ID86375,0
ID86376,1
ID86377,1
ID86378,1
ID86379,1
ID86380,1
ID86381,0
ID86382,1
ID86383,1
ID86384,1
ID86385,0
ID86386,0
ID86387,1
ID86388,1
ID86389,1
ID86390,1
ID86391,0
ID86392,1
ID86393,1
ID86394,1
ID86395,0
ID86396,0
ID86397,1
ID86398,1
ID86399,1
ID86400,1
ID86401,1
ID86402,1
ID86403,1
ID86404,0
ID86405,1
ID86406,1
ID86407,1
ID86408,1
ID86409,1
ID86410,1
ID86411,1
ID86412,1
ID86413,1
ID86414,0
ID86415,1
ID86416,1
ID86417,0
ID86418,1
ID86419,0
ID86420,0
ID86421,1
ID86422,1
ID86423,1
ID86424,0
ID86425,0
ID86426,1
ID86427,0
ID86428,0
ID86429,1
ID86430,0
ID86431,0
ID86432,0
ID86433,1
ID86434,0
ID86435,1
ID86436,1
ID86437,0
ID86438,1
ID86439,1
ID86440,1
ID86441,1
ID86442,1
ID86443,1
ID86444,1
ID86445,1
ID86446,1
ID86447,1
ID86448,1
ID86449,0
ID86450,1
ID86451,1
ID86452,1
ID86453,1
ID86454,1
ID86455,0
ID86456,0
ID86457,1
ID86458,0
ID86459,0
ID86460,1
ID86461,1
ID86462,0
ID86463,1
ID86464,1
ID86465,0
ID86466,1
ID86467,0
ID86468,1
ID86469,1
ID86470,1
ID86471,1
ID86472,1
ID86473,0
ID86474,1
ID86475,1
ID86476,0
ID86477,1
ID86478,0
ID86479,1
ID86480,1
ID86481,0
ID86482,1
ID86483,0
ID86484,1
ID86485,1
ID86486,1
ID86487,1
ID86488,1
ID86489,1
ID86490,1
ID86491,1
ID86492,0
ID86493,1
ID86494,1
ID86495,1
ID86496,1
ID86497,1
ID86498,0
ID86499,0
ID86500,0
ID86501,0
ID86502,0
ID86503,0
ID86504,1
ID86505,1
ID86506,0
ID86507,0
ID86508,0
ID86509,0
ID86510,1
ID86511,1
ID86512,1
ID86513,0
ID86514,1
ID86515,0
ID86516,0
ID86517,1
ID86518,1
ID86519,0
ID86520,1
ID86521,1
ID86522,0
ID86523,1
ID86524,1
ID86525,0
ID86526,1
ID86527,1
ID86528,1
ID86529,1
ID86530,1
ID86531,1
ID86532,1
ID86533,0
ID86534,0
ID86535,0
ID86536,0
ID86537,1
ID86538,0
ID86539,1
ID86540,0
ID86541,1
ID86542,1
ID86543,1
ID86544,1
ID86545,1
ID86546,0
ID86547,1
ID86548,1
ID86549,1
ID86550,1
ID86551,1
ID86552,1
ID86553,1
ID86554,0
ID86555,1
ID86556,1
ID86557,1
ID86558,1
ID86559,1
ID86560,1
ID86561,1
ID86562,1
ID86563,1
ID86564,1
ID86565,0
ID86566,1
ID86567,0
ID86568,0
ID86569,1
ID86570,1
ID86571,0
ID86572,1
ID86573,1
ID86574,1
ID86575,1
ID86576,1
ID86577,1
ID86578,0
ID86579,1
ID86580,1
ID86581,0
ID86582,1
ID86583,1
ID86584,1
ID86585,1
ID86586,1
ID86587,1
ID86588,0
ID86589,1
ID86590,1
ID86591,1
ID86592,0
ID86593,1
ID86594,1
ID86595,1
ID86596,1
ID86597,0
ID86598,1
ID86599,1
ID86600,1
ID86601,0
ID86602,1
ID86603,1
ID86604,0
ID86605,1
ID86606,0
ID86607,1
ID86608,1
ID86609,0
ID86610,0
ID86611,1
ID86612,0
ID86613,1
ID86614,1
ID86615,1
ID86616,1
ID86617,0
ID86618,1
ID86619,1
ID86620,1
ID86621,0
ID86622,1
ID86623,1
ID86624,1
ID86625,1
ID86626,1
ID86627,1
ID86628,1
ID86629,0
ID86630,1
ID86631,0
ID86632,0
ID86633,0
ID86634,1
ID86635,0
ID86636,1
ID86637,0
ID86638,0
ID86639,0
ID86640,1
ID86641,0
ID86642,0
ID86643,0
ID86644,0
ID86645,0
ID86646,1
ID86647,1
ID86648,1
ID86649,1
ID86650,0
ID86651,1
ID86652,0
ID86653,1
ID86654,0
ID86655,1
ID86656,1
ID86657,1
ID86658,1
ID86659,0
ID86660,1
ID86661,1
ID86662,0
ID86663,0
ID86664,1
ID86665,1
ID86666,0
ID86667,1
ID86668,1
ID86669,1
ID86670,1
ID86671,1
ID86672,1
ID86673,0
ID86674,0
ID86675,0
ID86676,1
ID86677,0
ID86678,0
ID86679,1
ID86680,0
ID86681,1
ID86682,0
ID86683,0
ID86684,1
ID86685,0
ID86686,0
ID86687,1
ID86688,0
ID86689,0
ID86690,1
ID86691,1
ID86692,1
ID86693,0
ID86694,1
ID86695,0
ID86696,1
ID86697,0
ID86698,1
ID86699,1
ID86700,1
ID86701,0
ID86702,1
ID86703,1
ID86704,0
ID86705,1
ID86706,1
ID86707,1
ID86708,0
ID86709,1
ID86710,0
ID86711,1
ID86712,1
ID86713,0
ID86714,0
ID86715,0
ID86716,1
ID86717,1
ID86718,1
ID86719,1
ID86720,1
ID86721,1
ID86722,1
ID86723,0
ID86724,1
ID86725,1
ID86726,1
ID86727,1
ID86728,1
ID86729,1
ID86730,0
ID86731,1
ID86732,1
ID86733,1
ID86734,1
ID86735,1
ID86736,1
ID86737,1
ID86738,1
ID86739,1
ID86740,0
ID86741,0
ID86742,1
ID86743,1
ID86744,0
ID86745,0
ID86746,1
ID86747,1
ID86748,0
ID86749,1
ID86750,0
ID86751,1
ID86752,1
ID86753,1
ID86754,1
ID86755,1
ID86756,1
ID86757,0
ID86758,1
ID86759,1
ID86760,1
ID86761,1
ID86762,1
ID86763,1
ID86764,0
ID86765,0
ID86766,1
ID86767,1
ID86768,1
ID86769,0
ID86770,0
ID86771,1
ID86772,1
ID86773,0
ID86774,1
ID86775,1
ID86776,1
ID86777,1
ID86778,1
ID86779,0
ID86780,1
ID86781,1
ID86782,1
ID86783,1
ID86784,1
ID86785,1
ID86786,0
ID86787,0
ID86788,1
ID86789,1
ID86790,1
ID86791,1
ID86792,1
ID86793,1
ID86794,1
ID86795,1
ID86796,0
ID86797,1
ID86798,1
ID86799,1
ID86800,0
ID86801,1
ID86802,1
ID86803,1
ID86804,1
ID86805,0
ID86806,1
ID86807,0
ID86808,1
ID86809,1
ID86810,1
ID86811,1
ID86812,0
ID86813,1
ID86814,1
ID86815,1
ID86816,1
ID86817,1
ID86818,1
ID86819,0
ID86820,1
ID86821,0
ID86822,1
ID86823,1
ID86824,0
ID86825,1
ID86826,1
ID86827,1
ID86828,0
ID86829,1
ID86830,1
ID86831,1
ID86832,0
ID86833,1
ID86834,1
ID86835,1
ID86836,1
ID86837,0
ID86838,1
ID86839,0
ID86840,1
ID86841,1
ID86842,0
ID86843,1
ID86844,1
ID86845,1
ID86846,0
ID86847,1
ID86848,1
ID86849,1
ID86850,1
ID86851,1
ID86852,1
ID86853,1
ID86854,0
ID86855,0
ID86856,1
ID86857,1
ID86858,1
ID86859,1
ID86860,0
ID86861,0
ID86862,1
ID86863,1
ID86864,1
ID86865,1
ID86866,1
ID86867,0
ID86868,0
ID86869,1
ID86870,0
ID86871,1
ID86872,0
ID86873,0
ID86874,0
ID86875,1
ID86876,0
ID86877,1
ID86878,1
ID86879,1
ID86880,1
ID86881,1
ID86882,1
ID86883,1
ID86884,1
ID86885,1
ID86886,1
ID86887,1
ID86888,1
ID86889,1
ID86890,1
ID86891,1
ID86892,1
ID86893,1
ID86894,1
ID86895,0
ID86896,1
ID86897,1
ID86898,1
ID86899,0
ID86900,0
ID86901,0
ID86902,0
ID86903,1
ID86904,1
ID86905,0
ID86906,1
ID86907,1
ID86908,0
ID86909,0
ID86910,1
ID86911,1
ID86912,0
ID86913,1
ID86914,1
ID86915,1
ID86916,1
ID86917,0
ID86918,1
ID86919,0
ID86920,1
ID86921,1
ID86922,0
ID86923,0
ID86924,1
ID86925,1
ID86926,0
ID86927,1
ID86928,1
ID86929,0
ID86930,1
ID86931,1
ID86932,0
ID86933,0
ID86934,0
ID86935,1
ID86936,1
ID86937,0
ID86938,1
ID86939,1
ID86940,0
ID86941,1
ID86942,0
ID86943,1
ID86944,1
ID86945,0
ID86946,1
ID86947,0
ID86948,0
ID86949,1
ID86950,1
ID86951,0
ID86952,1
ID86953,0
ID86954,0
ID86955,1
ID86956,1
ID86957,1
ID86958,1
ID86959,1
ID86960,1
ID86961,1
ID86962,1
ID86963,1
ID86964,1
ID86965,1
ID86966,1
ID86967,0
ID86968,1
ID86969,1
ID86970,0
ID86971,0
ID86972,0
ID86973,1
ID86974,0
ID86975,1
ID86976,0
ID86977,1
ID86978,1
ID86979,1
ID86980,0
ID86981,1
ID86982,1
ID86983,1
ID86984,1
ID86985,1
ID86986,1
ID86987,0
ID86988,0
ID86989,1
ID86990,0
ID86991,0
ID86992,0
ID86993,0
ID86994,0
ID86995,1
ID86996,1
ID86997,1
ID86998,1
ID86999,0
ID87000,0
ID87001,1
ID87002,1
ID87003,0
ID87004,1
ID87005,1
ID87006,1
ID87007,1
ID87008,1
ID87009,1
ID87010,0
ID87011,0
ID87012,1
ID87013,0
ID87014,1
ID87015,1
ID87016,1
ID87017,1
ID87018,1
ID87019,0
ID87020,1
ID87021,1
ID87022,0
ID87023,1
ID87024,0
ID87025,1
ID87026,0
ID87027,0
ID87028,1
ID87029,0
ID87030,0
ID87031,1
ID87032,0
ID87033,0
ID87034,1
ID87035,0
ID87036,0
ID87037,1
ID87038,0
ID87039,0
ID87040,1
ID87041,1
ID87042,0
ID87043,1
ID87044,1
ID87045,1
ID87046,0
ID87047,1
ID87048,1
ID87049,0
ID87050,0
ID87051,1
ID87052,1
ID87053,1
ID87054,1
ID87055,0
ID87056,1
ID87057,0
ID87058,1
ID87059,0
ID87060,1
ID87061,0
ID87062,1
ID87063,1
ID87064,1
ID87065,1
ID87066,1
ID87067,1
ID87068,0
ID87069,1
ID87070,0
ID87071,1
ID87072,1
ID87073,0
ID87074,1
ID87075,0
ID87076,1
ID87077,0
ID87078,1
ID87079,0
ID87080,0
ID87081,0
ID87082,0
ID87083,1
ID87084,1
ID87085,1
ID87086,1
ID87087,0
ID87088,1
ID87089,1
ID87090,1
ID87091,1
ID87092,1
ID87093,0
ID87094,0
ID87095,0
ID87096,1
ID87097,1
ID87098,1
ID87099,1
ID87100,1
ID87101,0
ID87102,0
ID87103,1
ID87104,1
ID87105,1
ID87106,1
ID87107,1
ID87108,0
ID87109,1
ID87110,1
ID87111,1
ID87112,0
ID87113,0
ID87114,1
ID87115,1
ID87116,0
ID87117,1
ID87118,1
ID87119,0
ID87120,1
ID87121,1
ID87122,1
ID87123,1
ID87124,1
ID87125,1
ID87126,1
ID87127,1
ID87128,0
ID87129,0
ID87130,1
ID87131,0
ID87132,0
ID87133,0
ID87134,1
ID87135,0
ID87136,0
ID87137,1
ID87138,1
ID87139,0
ID87140,0
ID87141,0
ID87142,1
ID87143,1
ID87144,1
ID87145,0
ID87146,0
ID87147,0
ID87148,0
ID87149,1
ID87150,1
ID87151,0
ID87152,1
ID87153,1
ID87154,1
ID87155,1
ID87156,1
ID87157,1
ID87158,1
ID87159,1
ID87160,1
ID87161,1
ID87162,0
ID87163,1
ID87164,0
ID87165,1
ID87166,1
ID87167,1
ID87168,0
ID87169,0
ID87170,1
ID87171,1
ID87172,1
ID87173,1
ID87174,1
ID87175,1
ID87176,1
ID87177,1
ID87178,1
ID87179,1
ID87180,1
ID87181,0
ID87182,0
ID87183,1
ID87184,0
ID87185,0
ID87186,1
ID87187,0
ID87188,1
ID87189,0
ID87190,1
ID87191,0
ID87192,1
ID87193,0
ID87194,1
ID87195,1
ID87196,0
ID87197,0
ID87198,0
ID87199,0
ID87200,1
ID87201,1
ID87202,0
ID87203,0
ID87204,0
ID87205,0
ID87206,1
ID87207,1
ID87208,1
ID87209,1
ID87210,1
ID87211,1
ID87212,1
ID87213,1
ID87214,0
ID87215,0
ID87216,1
ID87217,1
ID87218,1
ID87219,0
ID87220,0
ID87221,0
ID87222,1
ID87223,0
ID87224,0
ID87225,1
ID87226,0
ID87227,1
ID87228,1
ID87229,1
ID87230,1
ID87231,1
ID87232,0
ID87233,1
ID87234,1
ID87235,1
ID87236,1
ID87237,1
ID87238,1
ID87239,0
ID87240,1
ID87241,1
ID87242,0
ID87243,1
ID87244,1
ID87245,0
ID87246,1
ID87247,0
ID87248,1
ID87249,1
ID87250,0
ID87251,0
ID87252,1
ID87253,1
ID87254,0
ID87255,1
ID87256,1
ID87257,0
ID87258,1
ID87259,0
ID87260,1
ID87261,1
ID87262,0
ID87263,0
ID87264,1
ID87265,1
ID87266,1
ID87267,1
ID87268,1
ID87269,0
ID87270,1
ID87271,1
ID87272,0
ID87273,1
ID87274,0
ID87275,1
ID87276,1
ID87277,1
ID87278,0
ID87279,1
ID87280,1
ID87281,1
ID87282,0
ID87283,0
ID87284,1
ID87285,1
ID87286,0
ID87287,1
ID87288,0
ID87289,1
ID87290,1
ID87291,1
ID87292,1
ID87293,1
ID87294,1
ID87295,0
ID87296,1
ID87297,1
ID87298,1
ID87299,1
ID87300,1
ID87301,1
ID87302,0
ID87303,0
ID87304,0
ID87305,0
ID87306,0
ID87307,1
ID87308,1
ID87309,1
ID87310,1
ID87311,1
ID87312,1
ID87313,1
ID87314,1
ID87315,1
ID87316,1
ID87317,1
ID87318,1
ID87319,1
ID87320,1
ID87321,1
ID87322,1
ID87323,1
ID87324,0
ID87325,0
ID87326,1
ID87327,1
ID87328,1
ID87329,1
ID87330,1
ID87331,1
ID87332,1
ID87333,1
ID87334,1
ID87335,1
ID87336,1
ID87337,1
ID87338,0
ID87339,1
ID87340,1
ID87341,1
ID87342,1
ID87343,0
ID87344,1
ID87345,1
ID87346,0
ID87347,1
ID87348,1
ID87349,0
ID87350,0
ID87351,1
ID87352,1
ID87353,1
ID87354,1
ID87355,1
ID87356,0
ID87357,0
ID87358,1
ID87359,1
ID87360,1
ID87361,0
ID87362,0
ID87363,1
ID87364,1
ID87365,1
ID87366,0
ID87367,1
ID87368,0
ID87369,0
ID87370,1
ID87371,1
ID87372,1
ID87373,0
ID87374,1
ID87375,1
ID87376,1
ID87377,1
ID87378,0
ID87379,1
ID87380,1
ID87381,0
ID87382,1
ID87383,0
ID87384,1
ID87385,1
ID87386,1
ID87387,0
ID87388,1
ID87389,0
ID87390,0
ID87391,1
ID87392,0
ID87393,1
ID87394,1
ID87395,0
ID87396,1
ID87397,1
ID87398,1
ID87399,0
ID87400,1
ID87401,0
ID87402,1
ID87403,0
ID87404,0
ID87405,1
ID87406,1
ID87407,1
ID87408,1
ID87409,1
ID87410,0
ID87411,1
ID87412,0
ID87413,1
ID87414,1
ID87415,1
ID87416,0
ID87417,0
ID87418,0
ID87419,1
ID87420,1
ID87421,0
ID87422,0
ID87423,1
ID87424,0
ID87425,0
ID87426,0
ID87427,0
ID87428,1
ID87429,1
ID87430,1
ID87431,0
ID87432,1
ID87433,0
ID87434,1
ID87435,0
ID87436,0
ID87437,0
ID87438,1
ID87439,1
ID87440,1
ID87441,1
ID87442,0
ID87443,1
ID87444,1
ID87445,1
ID87446,1
ID87447,1
ID87448,1
ID87449,1
ID87450,1
ID87451,1
ID87452,1
ID87453,1
ID87454,1
ID87455,1
ID87456,0
ID87457,1
ID87458,0
ID87459,1
ID87460,1
ID87461,1
ID87462,1
ID87463,1
ID87464,1
ID87465,1
ID87466,0
ID87467,0
ID87468,1
ID87469,0
ID87470,1
ID87471,1
ID87472,1
ID87473,1
ID87474,1
ID87475,0
ID87476,1
ID87477,1
ID87478,1
ID87479,1
ID87480,1
ID87481,1
ID87482,1
ID87483,1
ID87484,0
ID87485,0
ID87486,0
ID87487,1
ID87488,0
ID87489,0
ID87490,1
ID87491,1
ID87492,0
ID87493,1
ID87494,0
ID87495,1
ID87496,0
ID87497,1
ID87498,1
ID87499,0
ID87500,0
ID87501,1
ID87502,1
ID87503,1
ID87504,0
ID87505,1
ID87506,1
ID87507,1
ID87508,1
ID87509,1
ID87510,1
ID87511,1
ID87512,1
ID87513,0
ID87514,1
ID87515,0
ID87516,1
ID87517,1
ID87518,1
ID87519,1
ID87520,1
ID87521,1
ID87522,0
ID87523,1
ID87524,0
ID87525,1
ID87526,0
ID87527,1
ID87528,1
ID87529,0
ID87530,1
ID87531,1
ID87532,0
ID87533,0
ID87534,1
ID87535,1
ID87536,0
ID87537,0
ID87538,1
ID87539,1
ID87540,1
ID87541,0
ID87542,0
ID87543,1
ID87544,1
ID87545,1
ID87546,1
ID87547,1
ID87548,1
ID87549,0
ID87550,1
ID87551,1
ID87552,0
ID87553,1
ID87554,1
ID87555,0
ID87556,0
ID87557,1
ID87558,1
ID87559,0
ID87560,1
ID87561,0
ID87562,1
ID87563,1
ID87564,1
ID87565,1
ID87566,1
ID87567,1
ID87568,1
ID87569,1
ID87570,0
ID87571,1
ID87572,0
ID87573,0
ID87574,1
ID87575,0
ID87576,1
ID87577,1
ID87578,1
ID87579,0
ID87580,0
ID87581,1
ID87582,0
ID87583,1
ID87584,1
ID87585,1
ID87586,1
ID87587,1
ID87588,1
ID87589,0
ID87590,0
ID87591,0
ID87592,0
ID87593,0
ID87594,1
ID87595,1
ID87596,1
ID87597,1
ID87598,0
ID87599,1
ID87600,1
ID87601,1
ID87602,1
ID87603,0
ID87604,1
ID87605,1
ID87606,0
ID87607,0
ID87608,0
ID87609,0
ID87610,0
ID87611,1
ID87612,1
ID87613,1
ID87614,1
ID87615,1
ID87616,1
ID87617,1
ID87618,1
ID87619,1
ID87620,0
ID87621,1
ID87622,1
ID87623,0
ID87624,1
ID87625,1
ID87626,1
ID87627,1
ID87628,1
ID87629,1
ID87630,0
ID87631,1
ID87632,1
ID87633,0
ID87634,1
ID87635,1
ID87636,1
ID87637,0
ID87638,1
ID87639,0
ID87640,0
ID87641,1
ID87642,1
ID87643,1
ID87644,0
ID87645,0
ID87646,1
ID87647,0
ID87648,0
ID87649,1
ID87650,1
ID87651,0
ID87652,0
ID87653,1
ID87654,1
ID87655,1
ID87656,1
ID87657,1
ID87658,1
ID87659,0
ID87660,1
ID87661,1
ID87662,1
ID87663,1
ID87664,1
ID87665,1
ID87666,1
ID87667,0
ID87668,1
ID87669,1
ID87670,0
ID87671,1
ID87672,1
ID87673,1
ID87674,1
ID87675,0
ID87676,1
ID87677,0
ID87678,1
ID87679,0
ID87680,0
ID87681,1
ID87682,1
ID87683,1
ID87684,0
ID87685,1
ID87686,0
ID87687,0
ID87688,1
ID87689,0
ID87690,1
ID87691,1
ID87692,1
ID87693,1
ID87694,1
ID87695,1
ID87696,1
ID87697,0
ID87698,1
ID87699,1
ID87700,0
ID87701,1
ID87702,1
ID87703,0
ID87704,1
ID87705,1
ID87706,1
ID87707,1
ID87708,0
ID87709,1
ID87710,1
ID87711,1
ID87712,0
ID87713,1
ID87714,1
ID87715,1
ID87716,1
ID87717,0
ID87718,1
ID87719,1
ID87720,0
ID87721,1
ID87722,1
ID87723,1
ID87724,0
ID87725,1
ID87726,1
ID87727,1
ID87728,1
ID87729,1
ID87730,1
ID87731,1
ID87732,0
ID87733,0
ID87734,0
ID87735,0
ID87736,1
ID87737,0
ID87738,1
ID87739,0
ID87740,1
ID87741,1
ID87742,1
ID87743,1
ID87744,0
ID87745,1
ID87746,1
ID87747,1
ID87748,1
ID87749,1
ID87750,0
ID87751,1
ID87752,1
ID87753,1
ID87754,0
ID87755,1
ID87756,1
ID87757,1
ID87758,1
ID87759,1
ID87760,1
ID87761,1
ID87762,1
ID87763,1
ID87764,1
ID87765,1
ID87766,0
ID87767,1
ID87768,1
ID87769,0
ID87770,0
ID87771,1
ID87772,0
ID87773,1
ID87774,1
ID87775,1
ID87776,1
ID87777,1
ID87778,0
ID87779,0
ID87780,1
ID87781,1
ID87782,1
ID87783,1
ID87784,0
ID87785,1
ID87786,0
ID87787,0
ID87788,0
ID87789,1
ID87790,1
ID87791,0
ID87792,1
ID87793,1
ID87794,0
ID87795,1
ID87796,1
ID87797,0
ID87798,0
ID87799,1
ID87800,1
ID87801,1
ID87802,1
ID87803,1
ID87804,1
ID87805,0
ID87806,0
ID87807,1
ID87808,0
ID87809,1
ID87810,0
ID87811,1
ID87812,0
ID87813,1
ID87814,1
ID87815,1
ID87816,1
ID87817,0
ID87818,0
ID87819,0
ID87820,0
ID87821,1
ID87822,0
ID87823,0
ID87824,0
ID87825,1
ID87826,0
ID87827,0
ID87828,1
ID87829,0
ID87830,0
ID87831,0
ID87832,1
ID87833,0
ID87834,1
ID87835,1
ID87836,1
ID87837,1
ID87838,1
ID87839,1
ID87840,1
ID87841,0
ID87842,1
ID87843,0
ID87844,1
ID87845,1
ID87846,0
ID87847,0
ID87848,0
ID87849,1
ID87850,1
ID87851,0
ID87852,0
ID87853,1
ID87854,0
ID87855,1
ID87856,0
ID87857,1
ID87858,1
ID87859,1
ID87860,1
ID87861,0
ID87862,1
ID87863,1
ID87864,1
ID87865,1
ID87866,0
ID87867,1
ID87868,1
ID87869,0
ID87870,1
ID87871,1
ID87872,1
ID87873,1
ID87874,0
ID87875,1
ID87876,1
ID87877,1
ID87878,1
ID87879,0
ID87880,1
ID87881,0
ID87882,0
ID87883,0
ID87884,1
ID87885,1
ID87886,1
ID87887,0
ID87888,1
ID87889,1
ID87890,1
ID87891,1
ID87892,0
ID87893,1
ID87894,1
ID87895,0
ID87896,1
ID87897,1
ID87898,0
ID87899,1
ID87900,1
ID87901,1
ID87902,1
ID87903,1
ID87904,1
ID87905,1
ID87906,1
ID87907,1
ID87908,1
ID87909,1
ID87910,0
ID87911,1
ID87912,1
ID87913,1
ID87914,0
ID87915,1
ID87916,1
ID87917,0
ID87918,0
ID87919,0
ID87920,0
ID87921,0
ID87922,1
ID87923,1
ID87924,0
ID87925,0
ID87926,1
ID87927,1
ID87928,1
ID87929,1
ID87930,1
ID87931,1
ID87932,1
ID87933,1
ID87934,0
ID87935,1
ID87936,1
ID87937,1
ID87938,1
ID87939,0
ID87940,1
ID87941,0
ID87942,0
ID87943,1
ID87944,1
ID87945,1
ID87946,1
ID87947,1
ID87948,0
ID87949,1
ID87950,1
ID87951,1
ID87952,1
ID87953,0
ID87954,1
ID87955,0
ID87956,1
ID87957,0
ID87958,0
ID87959,1
ID87960,0
ID87961,1
ID87962,1
ID87963,0
ID87964,1
ID87965,1
ID87966,1
ID87967,1
ID87968,1
ID87969,1
ID87970,0
ID87971,1
ID87972,0
ID87973,0
ID87974,1
ID87975,1
ID87976,0
ID87977,1
ID87978,0
ID87979,1
ID87980,1
ID87981,1
ID87982,0
ID87983,1
ID87984,1
ID87985,1
ID87986,0
ID87987,1
ID87988,1
ID87989,1
ID87990,0
ID87991,1
ID87992,0
ID87993,1
ID87994,1
ID87995,0
ID87996,1
ID87997,1
ID87998,1
ID87999,1
ID88000,0
ID88001,1
ID88002,1
ID88003,0
ID88004,0
ID88005,1
ID88006,1
ID88007,1
ID88008,0
ID88009,1
ID88010,1
ID88011,0
ID88012,0
ID88013,1
ID88014,0
ID88015,1
ID88016,1
ID88017,1
ID88018,0
ID88019,0
ID88020,1
ID88021,1
ID88022,0
ID88023,0
ID88024,1
ID88025,1
ID88026,0
ID88027,1
ID88028,0
ID88029,1
ID88030,1
ID88031,1
ID88032,1
ID88033,1
ID88034,0
ID88035,0
ID88036,1
ID88037,1
ID88038,1
ID88039,0
ID88040,1
ID88041,1
ID88042,1
ID88043,1
ID88044,0
ID88045,0
ID88046,0
ID88047,1
ID88048,1
ID88049,1
ID88050,0
ID88051,0
ID88052,0
ID88053,1
ID88054,1
ID88055,1
ID88056,1
ID88057,1
ID88058,0
ID88059,1
ID88060,1
ID88061,0
ID88062,1
ID88063,1
ID88064,1
ID88065,0
ID88066,0
ID88067,1
ID88068,1
ID88069,1
ID88070,0
ID88071,0
ID88072,0
ID88073,0
ID88074,1
ID88075,0
ID88076,1
ID88077,1
ID88078,0
ID88079,1
ID88080,1
ID88081,1
ID88082,1
ID88083,1
ID88084,1
ID88085,1
ID88086,0
ID88087,1
ID88088,0
ID88089,1
ID88090,1
ID88091,1
ID88092,1
ID88093,1
ID88094,1
ID88095,1
ID88096,0
ID88097,1
ID88098,0
ID88099,1
ID88100,1
ID88101,0
ID88102,1
ID88103,1
ID88104,1
ID88105,1
ID88106,1
ID88107,0
ID88108,1
ID88109,0
ID88110,1
ID88111,0
ID88112,0
ID88113,1
ID88114,0
ID88115,1
ID88116,1
ID88117,0
ID88118,1
ID88119,0
ID88120,1
ID88121,1
ID88122,1
ID88123,0
ID88124,1
ID88125,0
ID88126,1
ID88127,1
ID88128,1
ID88129,0
ID88130,1
ID88131,1
ID88132,1
ID88133,1
ID88134,1
ID88135,1
ID88136,1
ID88137,1
ID88138,1
ID88139,1
ID88140,0
ID88141,0
ID88142,1
ID88143,1
ID88144,1
ID88145,1
ID88146,0
ID88147,0
ID88148,1
ID88149,1
ID88150,1
ID88151,0
ID88152,1
ID88153,1
ID88154,1
ID88155,0
ID88156,1
ID88157,0
ID88158,0
ID88159,1
ID88160,1
ID88161,0
ID88162,1
ID88163,0
ID88164,0
ID88165,1
ID88166,0
ID88167,1
ID88168,0
ID88169,1
ID88170,1
ID88171,0
ID88172,1
ID88173,0
ID88174,1
ID88175,0
ID88176,1
ID88177,1
ID88178,1
ID88179,1
ID88180,0
ID88181,1
ID88182,0
ID88183,1
ID88184,1
ID88185,0
ID88186,1
ID88187,1
ID88188,0
ID88189,1
ID88190,1
ID88191,1
ID88192,1
ID88193,0
ID88194,1
ID88195,1
ID88196,1
ID88197,0
ID88198,1
ID88199,0
ID88200,0
ID88201,1
ID88202,0
ID88203,1
ID88204,1
ID88205,0
ID88206,1
ID88207,1
ID88208,1
ID88209,1
ID88210,1
ID88211,0
ID88212,0
ID88213,0
ID88214,1
ID88215,1
ID88216,1
ID88217,0
ID88218,0
ID88219,1
ID88220,0
ID88221,1
ID88222,1
ID88223,1
ID88224,0
ID88225,1
ID88226,1
ID88227,0
ID88228,1
ID88229,0
ID88230,0
ID88231,0
ID88232,1
ID88233,1
ID88234,0
ID88235,1
ID88236,1
ID88237,1
ID88238,1
ID88239,1
ID88240,0
ID88241,0
ID88242,0
ID88243,1
ID88244,1
ID88245,0
ID88246,0
ID88247,0
ID88248,1
ID88249,1
ID88250,0
ID88251,1
ID88252,1
ID88253,1
ID88254,1
ID88255,1
ID88256,1
ID88257,0
ID88258,1
ID88259,1
ID88260,1
ID88261,1
ID88262,1
ID88263,0
ID88264,1
ID88265,1
ID88266,1
ID88267,0
ID88268,0
ID88269,1
ID88270,0
ID88271,0
ID88272,0
ID88273,0
ID88274,0
ID88275,0
ID88276,1
ID88277,1
ID88278,1
ID88279,1
ID88280,0
ID88281,0
ID88282,1
ID88283,1
ID88284,0
ID88285,0
ID88286,1
ID88287,1
ID88288,1
ID88289,0
ID88290,1
ID88291,0
ID88292,1
ID88293,1
ID88294,1
ID88295,0
ID88296,1
ID88297,1
ID88298,1
ID88299,1
ID88300,1
ID88301,1
ID88302,1
ID88303,0
ID88304,1
ID88305,1
ID88306,0
ID88307,1
ID88308,1
ID88309,1
ID88310,0
ID88311,1
ID88312,0
ID88313,0
ID88314,1
ID88315,1
ID88316,1
ID88317,0
ID88318,1
ID88319,0
ID88320,1
ID88321,1
ID88322,1
ID88323,1
ID88324,1
ID88325,0
ID88326,1
ID88327,1
ID88328,1
ID88329,1
ID88330,1
ID88331,0
ID88332,0
ID88333,1
ID88334,1
ID88335,0
ID88336,0
ID88337,1
ID88338,0
ID88339,1
ID88340,1
ID88341,0
ID88342,1
ID88343,1
ID88344,1
ID88345,0
ID88346,0
ID88347,1
ID88348,1
ID88349,1
ID88350,1
ID88351,1
ID88352,0
ID88353,1
ID88354,1
ID88355,1
ID88356,1
ID88357,1
ID88358,1
ID88359,1
ID88360,0
ID88361,0
ID88362,1
ID88363,1
ID88364,1
ID88365,1
ID88366,0
ID88367,1
ID88368,0
ID88369,1
ID88370,1
ID88371,1
ID88372,1
ID88373,1
ID88374,0
ID88375,0
ID88376,0
ID88377,0
ID88378,0
ID88379,0
ID88380,1
ID88381,1
ID88382,1
ID88383,1
ID88384,1
ID88385,1
ID88386,1
ID88387,1
ID88388,1
ID88389,0
ID88390,1
ID88391,1
ID88392,1
ID88393,1
ID88394,1
ID88395,1
ID88396,1
ID88397,1
ID88398,0
ID88399,1
ID88400,1
ID88401,1
ID88402,0
ID88403,0
ID88404,1
ID88405,1
ID88406,0
ID88407,0
ID88408,1
ID88409,1
ID88410,1
ID88411,1
ID88412,1
ID88413,1
ID88414,1
ID88415,1
ID88416,0
ID88417,1
ID88418,0
ID88419,0
ID88420,0
ID88421,1
ID88422,1
ID88423,0
ID88424,1
ID88425,1
ID88426,0
ID88427,1
ID88428,0
ID88429,1
ID88430,0
ID88431,0
ID88432,1
ID88433,1
ID88434,1
ID88435,1
ID88436,0
ID88437,1
ID88438,0
ID88439,1
ID88440,0
ID88441,1
ID88442,1
ID88443,0
ID88444,0
ID88445,1
ID88446,1
ID88447,1
ID88448,0
ID88449,1
ID88450,1
ID88451,0
ID88452,1
ID88453,0
ID88454,0
ID88455,1
ID88456,1
ID88457,1
ID88458,1
ID88459,1
ID88460,0
ID88461,1
ID88462,0
ID88463,0
ID88464,1
ID88465,0
ID88466,1
ID88467,0
ID88468,1
ID88469,1
ID88470,1
ID88471,1
ID88472,0
ID88473,1
ID88474,1
ID88475,1
ID88476,1
ID88477,1
ID88478,0
ID88479,1
ID88480,1
ID88481,1
ID88482,1
ID88483,1
ID88484,0
ID88485,1
ID88486,1
ID88487,1
ID88488,1
ID88489,1
ID88490,1
ID88491,1
ID88492,1
ID88493,1
ID88494,0
ID88495,0
ID88496,0
ID88497,1
ID88498,1
ID88499,1
ID88500,0
ID88501,1
ID88502,1
ID88503,0
ID88504,1
ID88505,0
ID88506,0
ID88507,1
ID88508,1
ID88509,1
ID88510,0
ID88511,0
ID88512,0
ID88513,1
ID88514,0
ID88515,1
ID88516,1
ID88517,1
ID88518,1
ID88519,1
ID88520,1
ID88521,1
ID88522,1
ID88523,1
ID88524,1
ID88525,0
ID88526,1
ID88527,0
ID88528,1
ID88529,1
ID88530,1
ID88531,1
ID88532,0
ID88533,1
ID88534,1
ID88535,1
ID88536,1
ID88537,1
ID88538,1
ID88539,0
ID88540,1
ID88541,1
ID88542,1
ID88543,1
ID88544,1
ID88545,1
ID88546,1
ID88547,1
ID88548,0
ID88549,1
ID88550,1
ID88551,1
ID88552,1
ID88553,0
ID88554,1
ID88555,0
ID88556,1
ID88557,1
ID88558,1
ID88559,0
ID88560,1
ID88561,1
ID88562,1
ID88563,1
ID88564,0
ID88565,1
ID88566,1
ID88567,0
ID88568,1
ID88569,1
ID88570,1
ID88571,1
ID88572,1
ID88573,0
ID88574,1
ID88575,1
ID88576,1
ID88577,1
ID88578,1
ID88579,1
ID88580,1
ID88581,1
ID88582,0
ID88583,1
ID88584,0
ID88585,1
ID88586,1
ID88587,0
ID88588,1
ID88589,0
ID88590,0
ID88591,1
ID88592,0
ID88593,0
ID88594,1
ID88595,0
ID88596,1
ID88597,1
ID88598,1
ID88599,1
ID88600,1
ID88601,1
ID88602,1
ID88603,1
ID88604,0
ID88605,0
ID88606,0
ID88607,1
ID88608,1
ID88609,1
ID88610,0
ID88611,0
ID88612,0
ID88613,0
ID88614,1
ID88615,1
ID88616,0
ID88617,1
ID88618,1
ID88619,0
ID88620,1
ID88621,0
ID88622,1
ID88623,1
ID88624,1
ID88625,1
ID88626,0
ID88627,1
ID88628,1
ID88629,0
ID88630,0
ID88631,1
ID88632,0
ID88633,0
ID88634,0
ID88635,1
ID88636,1
ID88637,0
ID88638,1
ID88639,0
ID88640,1
ID88641,1
ID88642,1
ID88643,1
ID88644,1
ID88645,1
ID88646,0
ID88647,1
ID88648,1
ID88649,1
ID88650,1
ID88651,0
ID88652,1
ID88653,0
ID88654,1
ID88655,1
ID88656,1
ID88657,1
ID88658,1
ID88659,1
ID88660,0
ID88661,1
ID88662,0
ID88663,1
ID88664,1
ID88665,0
ID88666,0
ID88667,1
ID88668,1
ID88669,1
ID88670,0
ID88671,0
ID88672,1
ID88673,1
ID88674,1
ID88675,0
ID88676,0
ID88677,0
ID88678,1
ID88679,1
ID88680,0
ID88681,1
ID88682,1
ID88683,0
ID88684,0
ID88685,1
ID88686,0
ID88687,1
ID88688,0
ID88689,1
ID88690,1
ID88691,1
ID88692,1
ID88693,0
ID88694,1
ID88695,1
ID88696,0
ID88697,1
ID88698,1
ID88699,0
ID88700,1
ID88701,1
ID88702,1
ID88703,1
ID88704,1
ID88705,0
ID88706,0
ID88707,1
ID88708,1
ID88709,1
ID88710,1
ID88711,1
ID88712,1
ID88713,1
ID88714,1
ID88715,1
ID88716,1
ID88717,0
ID88718,0
ID88719,0
ID88720,1
ID88721,0
ID88722,0
ID88723,1
ID88724,0
ID88725,1
ID88726,0
ID88727,0
ID88728,1
ID88729,1
ID88730,1
ID88731,0
ID88732,0
ID88733,1
ID88734,1
ID88735,1
ID88736,0
ID88737,0
ID88738,1
ID88739,1
ID88740,1
ID88741,1
ID88742,0
ID88743,1
ID88744,1
ID88745,0
ID88746,1
ID88747,1
ID88748,1
ID88749,1
ID88750,0
ID88751,0
ID88752,0
ID88753,0
ID88754,0
ID88755,1
ID88756,1
ID88757,0
ID88758,1
ID88759,1
ID88760,1
ID88761,1
ID88762,1
ID88763,1
ID88764,0
ID88765,1
ID88766,0
ID88767,1
ID88768,0
ID88769,0
ID88770,1
ID88771,1
ID88772,1
ID88773,0
ID88774,1
ID88775,1
ID88776,0
ID88777,1
ID88778,1
ID88779,0
ID88780,1
ID88781,0
ID88782,0
ID88783,0
ID88784,1
ID88785,1
ID88786,1
ID88787,1
ID88788,0
ID88789,1
ID88790,1
ID88791,1
ID88792,1
ID88793,0
ID88794,1
ID88795,1
ID88796,1
ID88797,1
ID88798,1
ID88799,0
ID88800,1
ID88801,1
ID88802,0
ID88803,1
ID88804,0
ID88805,1
ID88806,0
ID88807,1
ID88808,0
ID88809,1
ID88810,0
ID88811,1
ID88812,0
ID88813,0
ID88814,1
ID88815,0
ID88816,0
ID88817,0
ID88818,1
ID88819,1
ID88820,1
ID88821,0
ID88822,0
ID88823,1
ID88824,1
ID88825,1
ID88826,0
ID88827,0
ID88828,1
ID88829,0
ID88830,1
ID88831,0
ID88832,1
ID88833,1
ID88834,0
ID88835,1
ID88836,1
ID88837,0
ID88838,1
ID88839,1
ID88840,1
ID88841,0
ID88842,1
ID88843,1
ID88844,0
ID88845,0
ID88846,1
ID88847,1
ID88848,1
ID88849,1
ID88850,0
ID88851,1
ID88852,0
ID88853,1
ID88854,1
ID88855,0
ID88856,1
ID88857,0
ID88858,1
ID88859,0
ID88860,0
ID88861,1
ID88862,1
ID88863,1
ID88864,0
ID88865,0
ID88866,0
ID88867,1
ID88868,1
ID88869,0
ID88870,0
ID88871,1
ID88872,1
ID88873,1
ID88874,0
ID88875,1
ID88876,1
ID88877,1
ID88878,1
ID88879,1
ID88880,1
ID88881,1
ID88882,1
ID88883,1
ID88884,1
ID88885,1
ID88886,0
ID88887,0
ID88888,1
ID88889,0
ID88890,0
ID88891,1
ID88892,1
ID88893,1
ID88894,0
ID88895,0
ID88896,1
ID88897,0
ID88898,1
ID88899,1
ID88900,1
ID88901,1
ID88902,1
ID88903,1
ID88904,1
ID88905,0
ID88906,1
ID88907,0
ID88908,1
ID88909,1
ID88910,1
ID88911,0
ID88912,1
ID88913,1
ID88914,1
ID88915,0
ID88916,1
ID88917,1
ID88918,0
ID88919,1
ID88920,1
ID88921,1
ID88922,1
ID88923,0
ID88924,1
ID88925,1
ID88926,1
ID88927,1
ID88928,1
ID88929,1
ID88930,1
ID88931,0
ID88932,0
ID88933,0
ID88934,1
ID88935,1
ID88936,0
ID88937,1
ID88938,1
ID88939,0
ID88940,1
ID88941,0
ID88942,1
ID88943,0
ID88944,1
ID88945,0
ID88946,1
ID88947,1
ID88948,1
ID88949,1
ID88950,0
ID88951,1
ID88952,1
ID88953,1
ID88954,1
ID88955,1
ID88956,0
ID88957,1
ID88958,1
ID88959,1
ID88960,1
ID88961,0
ID88962,1
ID88963,1
ID88964,0
ID88965,0
ID88966,1
ID88967,1
ID88968,1
ID88969,1
ID88970,1
ID88971,0
ID88972,1
ID88973,0
ID88974,1
ID88975,0
ID88976,1
ID88977,1
ID88978,0
ID88979,1
ID88980,0
ID88981,1
ID88982,0
ID88983,1
ID88984,1
ID88985,0
ID88986,0
ID88987,0
ID88988,1
ID88989,1
ID88990,1
ID88991,0
ID88992,1
ID88993,1
ID88994,1
ID88995,1
ID88996,1
ID88997,1
ID88998,1
ID88999,1
ID89000,1
ID89001,1
ID89002,1
ID89003,1
ID89004,1
ID89005,1
ID89006,1
ID89007,0
ID89008,0
ID89009,1
ID89010,1
ID89011,1
ID89012,1
ID89013,1
ID89014,1
ID89015,1
ID89016,1
ID89017,0
ID89018,1
ID89019,1
ID89020,1
ID89021,1
ID89022,0
ID89023,1
ID89024,1
ID89025,1
ID89026,0
ID89027,1
ID89028,1
ID89029,0
ID89030,1
ID89031,1
ID89032,0
ID89033,1
ID89034,0
ID89035,1
ID89036,1
ID89037,1
ID89038,1
ID89039,1
ID89040,0
ID89041,1
ID89042,0
ID89043,0
ID89044,1
ID89045,1
ID89046,0
ID89047,1
ID89048,1
ID89049,1
ID89050,1
ID89051,0
ID89052,1
ID89053,1
ID89054,1
ID89055,1
ID89056,1
ID89057,0
ID89058,1
ID89059,1
ID89060,1
ID89061,1
ID89062,1
ID89063,1
ID89064,0
ID89065,0
ID89066,0
ID89067,1
ID89068,1
ID89069,1
ID89070,1
ID89071,1
ID89072,0
ID89073,1
ID89074,0
ID89075,1
ID89076,0
ID89077,0
ID89078,1
ID89079,0
ID89080,0
ID89081,1
ID89082,1
ID89083,0
ID89084,1
ID89085,1
ID89086,1
ID89087,1
ID89088,1
ID89089,1
ID89090,0
ID89091,1
ID89092,1
ID89093,1
ID89094,1
ID89095,1
ID89096,0
ID89097,1
ID89098,0
ID89099,0
ID89100,1
ID89101,1
ID89102,1
ID89103,1
ID89104,0
ID89105,0
ID89106,1
ID89107,1
ID89108,1
ID89109,0
ID89110,0
ID89111,0
ID89112,1
ID89113,0
ID89114,1
ID89115,0
ID89116,0
ID89117,0
ID89118,0
ID89119,0
ID89120,0
ID89121,1
ID89122,0
ID89123,1
ID89124,1
ID89125,1
ID89126,1
ID89127,1
ID89128,1
ID89129,0
ID89130,0
ID89131,0
ID89132,0
ID89133,1
ID89134,0
ID89135,1
ID89136,0
ID89137,1
ID89138,1
ID89139,1
ID89140,1
ID89141,0
ID89142,0
ID89143,1
ID89144,1
ID89145,0
ID89146,1
ID89147,1
ID89148,1
ID89149,0
ID89150,1
ID89151,1
ID89152,1
ID89153,0
ID89154,1
ID89155,1
ID89156,0
ID89157,0
ID89158,1
ID89159,1
ID89160,1
ID89161,1
ID89162,0
ID89163,1
ID89164,1
ID89165,0
ID89166,1
ID89167,0
ID89168,0
ID89169,1
ID89170,1
ID89171,1
ID89172,1
ID89173,1
ID89174,1
ID89175,1
ID89176,0
ID89177,1
ID89178,1
ID89179,0
ID89180,1
ID89181,0
ID89182,1
ID89183,0
ID89184,1
ID89185,1
ID89186,0
ID89187,1
ID89188,1
ID89189,1
ID89190,0
ID89191,1
ID89192,0
ID89193,0
ID89194,1
ID89195,0
ID89196,0
ID89197,0
ID89198,1
ID89199,0
ID89200,1
ID89201,0
ID89202,1
ID89203,0
ID89204,1
ID89205,1
ID89206,1
ID89207,1
ID89208,1
ID89209,0
ID89210,0
ID89211,1
ID89212,1
ID89213,1
ID89214,1
ID89215,1
ID89216,0
ID89217,1
ID89218,0
ID89219,1
ID89220,0
ID89221,1
ID89222,1
ID89223,0
ID89224,1
ID89225,1
ID89226,1
ID89227,1
ID89228,0
ID89229,1
ID89230,1
ID89231,1
ID89232,0
ID89233,1
ID89234,1
ID89235,0
ID89236,0
ID89237,1
ID89238,1
ID89239,1
ID89240,1
ID89241,0
ID89242,1
ID89243,1
ID89244,0
ID89245,1
ID89246,1
ID89247,0
ID89248,1
ID89249,1
ID89250,1
ID89251,1
ID89252,1
ID89253,0
ID89254,0
ID89255,1
ID89256,1
ID89257,1
ID89258,1
ID89259,1
ID89260,0
ID89261,0
ID89262,1
ID89263,0
ID89264,0
ID89265,1
ID89266,1
ID89267,1
ID89268,1
ID89269,1
ID89270,1
ID89271,1
ID89272,1
ID89273,1
ID89274,1
ID89275,1
ID89276,0
ID89277,0
ID89278,1
ID89279,1
ID89280,0
ID89281,1
ID89282,0
ID89283,0
ID89284,1
ID89285,0
ID89286,1
ID89287,1
ID89288,1
ID89289,1
ID89290,0
ID89291,0
ID89292,1
ID89293,1
ID89294,0
ID89295,1
ID89296,1
ID89297,0
ID89298,0
ID89299,0
ID89300,1
ID89301,0
ID89302,1
ID89303,0
ID89304,1
ID89305,0
ID89306,1
ID89307,1
ID89308,1
ID89309,1
ID89310,1
ID89311,1
ID89312,1
ID89313,0
ID89314,0
ID89315,1
ID89316,1
ID89317,1
ID89318,0
ID89319,1
ID89320,1
ID89321,1
ID89322,1
ID89323,1
ID89324,1
ID89325,0
ID89326,1
ID89327,1
ID89328,0
ID89329,0
ID89330,1
ID89331,1
ID89332,1
ID89333,1
ID89334,1
ID89335,1
ID89336,1
ID89337,0
ID89338,1
ID89339,1
ID89340,1
ID89341,1
ID89342,1
ID89343,1
ID89344,1
ID89345,0
ID89346,1
ID89347,0
ID89348,1
ID89349,1
ID89350,1
ID89351,1
ID89352,1
ID89353,1
ID89354,0
ID89355,0
ID89356,1
ID89357,0
ID89358,1
ID89359,0
ID89360,1
ID89361,1
ID89362,1
ID89363,1
ID89364,1
ID89365,1
ID89366,1
ID89367,1
ID89368,1
ID89369,1
ID89370,1
ID89371,1
ID89372,0
ID89373,0
ID89374,1
ID89375,1
ID89376,1
ID89377,0
ID89378,0
ID89379,0
ID89380,1
ID89381,1
ID89382,1
ID89383,1
ID89384,0
ID89385,1
ID89386,0
ID89387,1
ID89388,1
ID89389,1
ID89390,1
ID89391,1
ID89392,1
ID89393,1
ID89394,0
ID89395,0
ID89396,0
ID89397,1
ID89398,1
ID89399,0
ID89400,1
ID89401,1
ID89402,1
ID89403,1
ID89404,1
ID89405,1
ID89406,1
ID89407,1
ID89408,1
ID89409,1
ID89410,1
ID89411,1
ID89412,1
ID89413,1
ID89414,1
ID89415,0
ID89416,1
ID89417,1
ID89418,0
ID89419,0
ID89420,1
ID89421,0
ID89422,1
ID89423,1
ID89424,0
ID89425,1
ID89426,1
ID89427,1
ID89428,1
ID89429,1
ID89430,1
ID89431,1
ID89432,0
ID89433,1
ID89434,1
ID89435,1
ID89436,1
ID89437,1
ID89438,1
ID89439,0
ID89440,1
ID89441,1
ID89442,1
ID89443,1
ID89444,0
ID89445,1
ID89446,0
ID89447,0
ID89448,1
ID89449,0
ID89450,1
ID89451,1
ID89452,0
ID89453,0
ID89454,1
ID89455,0
ID89456,0
ID89457,1
ID89458,0
ID89459,1
ID89460,1
ID89461,0
ID89462,1
ID89463,1
ID89464,1
ID89465,0
ID89466,1
ID89467,0
ID89468,1
ID89469,1
ID89470,1
ID89471,0
ID89472,1
ID89473,0
ID89474,0
ID89475,0
ID89476,0
ID89477,0
ID89478,0
ID89479,1
ID89480,1
ID89481,1
ID89482,0
ID89483,1
ID89484,1
ID89485,0
ID89486,1
ID89487,1
ID89488,1
ID89489,1
ID89490,1
ID89491,0
ID89492,0
ID89493,0
ID89494,1
ID89495,1
ID89496,0
ID89497,0
ID89498,1
ID89499,0
ID89500,1
ID89501,1
ID89502,1
ID89503,0
ID89504,1
ID89505,1
ID89506,1
ID89507,1
ID89508,1
ID89509,1
ID89510,0
ID89511,0
ID89512,1
ID89513,1
ID89514,1
ID89515,1
ID89516,1
ID89517,0
ID89518,1
ID89519,1
ID89520,0
ID89521,0
ID89522,1
ID89523,0
ID89524,1
ID89525,0
ID89526,0
ID89527,1
ID89528,1
ID89529,1
ID89530,0
ID89531,1
ID89532,1
ID89533,1
ID89534,0
ID89535,1
ID89536,0
ID89537,1
ID89538,0
ID89539,1
ID89540,1
ID89541,1
ID89542,0
ID89543,1
ID89544,1
ID89545,0
ID89546,0
ID89547,0
ID89548,1
ID89549,1
ID89550,1
ID89551,1
ID89552,0
ID89553,0
ID89554,0
ID89555,1
ID89556,0
ID89557,1
ID89558,1
ID89559,1
ID89560,1
ID89561,1
ID89562,1
ID89563,1
ID89564,1
ID89565,1
ID89566,1
ID89567,1
ID89568,0
ID89569,1
ID89570,1
ID89571,1
ID89572,1
ID89573,1
ID89574,0
ID89575,0
ID89576,1
ID89577,1
ID89578,1
ID89579,1
ID89580,0
ID89581,1
ID89582,0
ID89583,1
ID89584,1
ID89585,0
ID89586,1
ID89587,0
ID89588,0
ID89589,0
ID89590,0
ID89591,1
ID89592,1
ID89593,0
ID89594,1
ID89595,0
ID89596,0
ID89597,1
ID89598,1
ID89599,1
ID89600,1
ID89601,1
ID89602,1
ID89603,0
ID89604,0
ID89605,0
ID89606,0
ID89607,1
ID89608,1
ID89609,0
ID89610,1
ID89611,1
ID89612,0
ID89613,1
ID89614,0
ID89615,1
ID89616,1
ID89617,1
ID89618,1
ID89619,0
ID89620,1
ID89621,1
ID89622,0
ID89623,0
ID89624,1
ID89625,1
ID89626,1
ID89627,0
ID89628,1
ID89629,1
ID89630,1
ID89631,0
ID89632,1
ID89633,0
ID89634,0
ID89635,1
ID89636,1
ID89637,0
ID89638,1
ID89639,1
ID89640,1
ID89641,1
ID89642,1
ID89643,0
ID89644,1
ID89645,1
ID89646,1
ID89647,0
ID89648,0
ID89649,1
ID89650,0
ID89651,1
ID89652,0
ID89653,0
ID89654,0
ID89655,0
ID89656,1
ID89657,1
ID89658,1
ID89659,1
ID89660,0
ID89661,0
ID89662,1
ID89663,1
ID89664,0
ID89665,1
ID89666,1
ID89667,1
ID89668,0
ID89669,1
ID89670,1
ID89671,1
ID89672,0
ID89673,0
ID89674,1
ID89675,1
ID89676,0
ID89677,1
ID89678,0
ID89679,1
ID89680,1
ID89681,1
ID89682,0
ID89683,1
ID89684,1
ID89685,1
ID89686,1
ID89687,1
ID89688,0
ID89689,1
ID89690,1
ID89691,1
ID89692,0
ID89693,0
ID89694,1
ID89695,0
ID89696,1
ID89697,1
ID89698,0
ID89699,0
ID89700,1
ID89701,1
ID89702,1
ID89703,1
ID89704,1
ID89705,1
ID89706,1
ID89707,0
ID89708,1
ID89709,1
ID89710,0
ID89711,1
ID89712,1
ID89713,0
ID89714,1
ID89715,1
ID89716,1
ID89717,1
ID89718,0
ID89719,1
ID89720,1
ID89721,1
ID89722,1
ID89723,1
ID89724,1
ID89725,1
ID89726,0
ID89727,1
ID89728,1
ID89729,1
ID89730,1
ID89731,0
ID89732,1
ID89733,1
ID89734,1
ID89735,1
ID89736,1
ID89737,0
ID89738,0
ID89739,0
ID89740,0
ID89741,0
ID89742,1
ID89743,1
ID89744,0
ID89745,0
ID89746,1
ID89747,1
ID89748,1
ID89749,1
ID89750,1
ID89751,0
ID89752,0
ID89753,0
ID89754,1
ID89755,1
ID89756,1
ID89757,0
ID89758,0
ID89759,0
ID89760,0
ID89761,1
ID89762,1
ID89763,1
ID89764,1
ID89765,1
ID89766,1
ID89767,0
ID89768,1
ID89769,1
ID89770,1
ID89771,1
ID89772,1
ID89773,1
ID89774,1
ID89775,1
ID89776,1
ID89777,1
ID89778,1
ID89779,0
ID89780,0
ID89781,1
ID89782,1
ID89783,1
ID89784,0
ID89785,0
ID89786,0
ID89787,0
ID89788,0
ID89789,0
ID89790,1
ID89791,1
ID89792,0
ID89793,1
ID89794,1
ID89795,0
ID89796,0
ID89797,1
ID89798,1
ID89799,1
ID89800,1
ID89801,0
ID89802,0
ID89803,1
ID89804,1
ID89805,1
ID89806,0
ID89807,0
ID89808,0
ID89809,1
ID89810,1
ID89811,1
ID89812,1
ID89813,1
ID89814,1
ID89815,1
ID89816,0
ID89817,1
ID89818,1
ID89819,1
ID89820,1
ID89821,1
ID89822,1
ID89823,0
ID89824,1
ID89825,1
ID89826,1
ID89827,0
ID89828,1
ID89829,1
ID89830,1
ID89831,0
ID89832,1
ID89833,1
ID89834,1
ID89835,1
ID89836,1
ID89837,1
ID89838,1
ID89839,0
ID89840,0
ID89841,1
ID89842,1
ID89843,1
ID89844,1
ID89845,1
ID89846,1
ID89847,1
ID89848,1
ID89849,1
ID89850,0
ID89851,0
ID89852,1
ID89853,0
ID89854,1
ID89855,1
ID89856,0
ID89857,0
ID89858,1
ID89859,1
ID89860,1
ID89861,1
ID89862,0
ID89863,0
ID89864,1
ID89865,0
ID89866,1
ID89867,1
ID89868,1
ID89869,0
ID89870,1
ID89871,1
ID89872,1
ID89873,1
ID89874,1
ID89875,1
ID89876,0
ID89877,0
ID89878,0
ID89879,0
ID89880,1
ID89881,1
ID89882,0
ID89883,0
ID89884,1
ID89885,1
ID89886,1
ID89887,1
ID89888,1
ID89889,1
ID89890,1
ID89891,1
ID89892,1
ID89893,1
ID89894,0
ID89895,1
ID89896,0
ID89897,0
ID89898,0
ID89899,0
ID89900,1
ID89901,1
ID89902,1
ID89903,1
ID89904,0
ID89905,1
ID89906,1
ID89907,0
ID89908,1
ID89909,0
ID89910,0
ID89911,0
ID89912,1
ID89913,1
ID89914,0
ID89915,1
ID89916,1
ID89917,1
ID89918,1
ID89919,0
ID89920,0
ID89921,1
ID89922,1
ID89923,0
ID89924,0
ID89925,0
ID89926,1
ID89927,0
ID89928,1
ID89929,1
ID89930,1
ID89931,1
ID89932,0
ID89933,1
ID89934,1
ID89935,1
ID89936,1
ID89937,1
ID89938,1
ID89939,0
ID89940,0
ID89941,1
ID89942,0
ID89943,1
ID89944,1
ID89945,1
ID89946,0
ID89947,0
ID89948,0
ID89949,1
ID89950,1
ID89951,1
ID89952,0
ID89953,1
ID89954,0
ID89955,1
ID89956,1
ID89957,1
ID89958,1
ID89959,0
ID89960,1
ID89961,1
ID89962,1
ID89963,0
ID89964,1
ID89965,1
ID89966,0
ID89967,1
ID89968,1
ID89969,1
ID89970,1
ID89971,1
ID89972,1
ID89973,1
ID89974,1
ID89975,0
ID89976,1
ID89977,0
ID89978,1
ID89979,1
ID89980,0
ID89981,0
ID89982,1
ID89983,1
ID89984,0
ID89985,1
ID89986,1
ID89987,1
ID89988,1
ID89989,0
ID89990,1
ID89991,0
ID89992,1
ID89993,1
ID89994,0
ID89995,0
ID89996,0
ID89997,0
ID89998,0
ID89999,1
ID90000,1
ID90001,1
ID90002,1
ID90003,1
ID90004,1
ID90005,1
ID90006,1
ID90007,1
ID90008,1
ID90009,1
ID90010,1
ID90011,1
ID90012,1
ID90013,1
ID90014,1
ID90015,0
ID90016,1
ID90017,1
ID90018,1
ID90019,0
ID90020,0
ID90021,1
ID90022,0
ID90023,0
ID90024,1
ID90025,1
ID90026,0
ID90027,1
ID90028,1
ID90029,0
ID90030,0
ID90031,1
ID90032,0
ID90033,1
ID90034,1
ID90035,1
ID90036,1
ID90037,0
ID90038,1
ID90039,1
ID90040,0
ID90041,1
ID90042,1
ID90043,1
ID90044,1
ID90045,0
ID90046,1
ID90047,0
ID90048,1
ID90049,1
ID90050,1
ID90051,1
ID90052,1
ID90053,1
ID90054,1
ID90055,0
ID90056,1
ID90057,1
ID90058,1
ID90059,1
ID90060,1
ID90061,0
ID90062,1
ID90063,1
ID90064,1
ID90065,0
ID90066,1
ID90067,1
ID90068,0
ID90069,1
ID90070,0
ID90071,1
ID90072,1
ID90073,0
ID90074,0
ID90075,1
ID90076,1
ID90077,1
ID90078,1
ID90079,1
ID90080,1
ID90081,1
ID90082,0
ID90083,1
ID90084,1
ID90085,1
ID90086,0
ID90087,0
ID90088,0
ID90089,0
ID90090,0
ID90091,1
ID90092,1
ID90093,1
ID90094,1
ID90095,1
ID90096,1
ID90097,0
ID90098,1
ID90099,0
ID90100,0
ID90101,1
ID90102,1
ID90103,1
ID90104,0
ID90105,0
ID90106,1
ID90107,1
ID90108,1
ID90109,1
ID90110,0
ID90111,0
ID90112,0
ID90113,1
ID90114,1
ID90115,1
ID90116,1
ID90117,0
ID90118,1
ID90119,1
ID90120,1
ID90121,1
ID90122,1
ID90123,1
ID90124,1
ID90125,0
ID90126,1
ID90127,1
ID90128,0
ID90129,1
ID90130,0
ID90131,1
ID90132,0
ID90133,1
ID90134,0
ID90135,1
ID90136,0
ID90137,0
ID90138,1
ID90139,1
ID90140,1
ID90141,0
ID90142,0
ID90143,0
ID90144,1
ID90145,1
ID90146,1
ID90147,0
ID90148,1
ID90149,0
ID90150,1
ID90151,1
ID90152,1
ID90153,1
ID90154,0
ID90155,1
ID90156,0
ID90157,1
ID90158,1
ID90159,1
ID90160,1
ID90161,1
ID90162,1
ID90163,1
ID90164,1
ID90165,0
ID90166,1
ID90167,1
ID90168,1
ID90169,1
ID90170,1
ID90171,1
ID90172,1
ID90173,1
ID90174,1
ID90175,1
ID90176,1
ID90177,0
ID90178,1
ID90179,1
ID90180,0
ID90181,0
ID90182,1
ID90183,1
ID90184,1
ID90185,0
ID90186,1
ID90187,1
ID90188,1
ID90189,1
ID90190,0
ID90191,1
ID90192,1
ID90193,0
ID90194,1
ID90195,1
ID90196,1
ID90197,1
ID90198,1
ID90199,0
ID90200,0
ID90201,0
ID90202,1
ID90203,0
ID90204,0
ID90205,0
ID90206,0
ID90207,0
ID90208,0
ID90209,1
ID90210,1
ID90211,1
ID90212,1
ID90213,0
ID90214,0
ID90215,1
ID90216,0
ID90217,1
ID90218,1
ID90219,1
ID90220,0
ID90221,0
ID90222,1
ID90223,1
ID90224,1
ID90225,1
ID90226,1
ID90227,0
ID90228,1
ID90229,1
ID90230,1
ID90231,1
ID90232,0
ID90233,0
ID90234,1
ID90235,1
ID90236,1
ID90237,0
ID90238,1
ID90239,0
ID90240,1
ID90241,1
ID90242,1
ID90243,0
ID90244,0
ID90245,0
ID90246,0
ID90247,1
ID90248,1
ID90249,0
ID90250,0
ID90251,1
ID90252,1
ID90253,1
ID90254,0
ID90255,0
ID90256,1
ID90257,1
ID90258,0
ID90259,1
ID90260,1
ID90261,1
ID90262,1
ID90263,1
ID90264,0
ID90265,0
ID90266,1
ID90267,0
ID90268,1
ID90269,1
ID90270,1
ID90271,1
ID90272,1
ID90273,0
ID90274,1
ID90275,0
ID90276,0
ID90277,1
ID90278,0
ID90279,1
ID90280,0
ID90281,0
ID90282,1
ID90283,1
ID90284,1
ID90285,1
ID90286,1
ID90287,0
ID90288,1
ID90289,1
ID90290,1
ID90291,0
ID90292,0
ID90293,1
ID90294,1
ID90295,1
ID90296,1
ID90297,1
ID90298,1
ID90299,1
ID90300,1
ID90301,1
ID90302,0
ID90303,1
ID90304,0
ID90305,1
ID90306,0
ID90307,1
ID90308,0
ID90309,1
ID90310,0
ID90311,0
ID90312,1
ID90313,1
ID90314,1
ID90315,0
ID90316,0
ID90317,1
ID90318,1
ID90319,0
ID90320,0
ID90321,1
ID90322,1
ID90323,1
ID90324,1
ID90325,1
ID90326,1
ID90327,1
ID90328,1
ID90329,0
ID90330,1
ID90331,1
ID90332,1
ID90333,1
ID90334,1
ID90335,0
ID90336,0
ID90337,1
ID90338,1
ID90339,0
ID90340,1
ID90341,0
ID90342,1
ID90343,0
ID90344,0
ID90345,0
ID90346,1
ID90347,0
ID90348,1
ID90349,1
ID90350,1
ID90351,0
ID90352,0
ID90353,1
ID90354,0
ID90355,0
ID90356,1
ID90357,0
ID90358,1
ID90359,1
ID90360,1
ID90361,0
ID90362,1
ID90363,1
ID90364,0
ID90365,1
ID90366,1
ID90367,1
ID90368,1
ID90369,0
ID90370,0
ID90371,1
ID90372,0
ID90373,0
ID90374,1
ID90375,0
ID90376,1
ID90377,1
ID90378,1
ID90379,0
ID90380,1
ID90381,0
ID90382,0
ID90383,0
ID90384,1
ID90385,1
ID90386,1
ID90387,1
ID90388,0
ID90389,1
ID90390,1
ID90391,1
ID90392,1
ID90393,1
ID90394,0
ID90395,0
ID90396,1
ID90397,1
ID90398,1
ID90399,0
ID90400,0
ID90401,0
ID90402,1
ID90403,0
ID90404,0
ID90405,1
ID90406,1
ID90407,1
ID90408,1
ID90409,0
ID90410,1
ID90411,1
ID90412,1
ID90413,1
ID90414,1
ID90415,1
ID90416,1
ID90417,1
ID90418,0
ID90419,0
ID90420,0
ID90421,1
ID90422,1
ID90423,1
ID90424,1
ID90425,0
ID90426,1
ID90427,1
ID90428,1
ID90429,0
ID90430,1
ID90431,1
ID90432,1
ID90433,1
ID90434,1
ID90435,1
ID90436,1
ID90437,1
ID90438,1
ID90439,1
ID90440,1
ID90441,1
ID90442,1
ID90443,1
ID90444,0
ID90445,0
ID90446,0
ID90447,1
ID90448,1
ID90449,1
ID90450,0
ID90451,1
ID90452,1
ID90453,0
ID90454,1
ID90455,1
ID90456,1
ID90457,1
ID90458,1
ID90459,0
ID90460,1
ID90461,0
ID90462,1
ID90463,1
ID90464,0
ID90465,0
ID90466,1
ID90467,1
ID90468,0
ID90469,1
ID90470,1
ID90471,0
ID90472,0
ID90473,1
ID90474,1
ID90475,0
ID90476,1
ID90477,0
ID90478,1
ID90479,0
ID90480,0
ID90481,1
ID90482,1
ID90483,0
ID90484,1
ID90485,0
ID90486,0
ID90487,1
ID90488,0
ID90489,1
ID90490,1
ID90491,1
ID90492,0
ID90493,1
ID90494,1
ID90495,0
ID90496,1
ID90497,0
ID90498,1
ID90499,1
ID90500,1
ID90501,0
ID90502,1
ID90503,1
ID90504,1
ID90505,1
ID90506,1
ID90507,1
ID90508,1
ID90509,0
ID90510,0
ID90511,1
ID90512,1
ID90513,1
ID90514,1
ID90515,1
ID90516,1
ID90517,1
ID90518,1
ID90519,1
ID90520,0
ID90521,1
ID90522,0
ID90523,0
ID90524,0
ID90525,0
ID90526,0
ID90527,1
ID90528,1
ID90529,1
ID90530,1
ID90531,1
ID90532,1
ID90533,0
ID90534,0
ID90535,1
ID90536,0
ID90537,1
ID90538,1
ID90539,1
ID90540,1
ID90541,0
ID90542,1
ID90543,1
ID90544,1
ID90545,1
ID90546,1
ID90547,0
ID90548,1
ID90549,0
ID90550,1
ID90551,1
ID90552,0
ID90553,0
ID90554,1
ID90555,1
ID90556,0
ID90557,1
ID90558,0
ID90559,1
ID90560,1
ID90561,0
ID90562,0
ID90563,1
ID90564,1
ID90565,1
ID90566,1
ID90567,1
ID90568,1
ID90569,1
ID90570,0
ID90571,1
ID90572,0
ID90573,1
ID90574,1
ID90575,0
ID90576,1
ID90577,1
ID90578,1
ID90579,1
ID90580,0
ID90581,1
ID90582,1
ID90583,1
ID90584,1
ID90585,0
ID90586,0
ID90587,1
ID90588,0
ID90589,0
ID90590,1
ID90591,0
ID90592,1
ID90593,0
ID90594,1
ID90595,1
ID90596,1
ID90597,0
ID90598,1
ID90599,1
ID90600,0
ID90601,1
ID90602,1
ID90603,1
ID90604,1
ID90605,1
ID90606,0
ID90607,0
ID90608,1
ID90609,1
ID90610,1
ID90611,1
ID90612,1
ID90613,0
ID90614,1
ID90615,1
ID90616,1
ID90617,1
ID90618,1
ID90619,1
ID90620,0
ID90621,1
ID90622,0
ID90623,1
ID90624,1
ID90625,1
ID90626,1
ID90627,1
ID90628,1
ID90629,1
ID90630,1
ID90631,1
ID90632,1
ID90633,1
ID90634,1
ID90635,1
ID90636,0
ID90637,0
ID90638,1
ID90639,1
ID90640,1
ID90641,1
ID90642,1
ID90643,1
ID90644,1
ID90645,0
ID90646,1
ID90647,1
ID90648,1
ID90649,0
ID90650,1
ID90651,1
ID90652,0
ID90653,1
ID90654,0
ID90655,0
ID90656,0
ID90657,0
ID90658,0
ID90659,1
ID90660,1
ID90661,1
ID90662,0
ID90663,0
ID90664,0
ID90665,1
ID90666,1
ID90667,1
ID90668,0
ID90669,1
ID90670,0
ID90671,1
ID90672,1
ID90673,1
ID90674,1
ID90675,0
ID90676,1
ID90677,1
ID90678,1
ID90679,1
ID90680,0
ID90681,0
ID90682,1
ID90683,0
ID90684,1
ID90685,0
ID90686,0
ID90687,1
ID90688,1
ID90689,1
ID90690,1
ID90691,1
ID90692,0
ID90693,1
ID90694,1
ID90695,1
ID90696,1
ID90697,0
ID90698,1
ID90699,1
ID90700,1
ID90701,1
ID90702,0
ID90703,1
ID90704,1
ID90705,0
ID90706,0
ID90707,0
ID90708,0
ID90709,0
ID90710,1
ID90711,0
ID90712,1
ID90713,1
ID90714,1
ID90715,0
ID90716,1
ID90717,1
ID90718,1
ID90719,1
ID90720,1
ID90721,1
ID90722,0
ID90723,0
ID90724,1
ID90725,1
ID90726,0
ID90727,1
ID90728,1
ID90729,0
ID90730,1
ID90731,1
ID90732,1
ID90733,1
ID90734,1
ID90735,1
ID90736,1
ID90737,0
ID90738,1
ID90739,1
ID90740,1
ID90741,1
ID90742,1
ID90743,0
ID90744,1
ID90745,1
ID90746,0
ID90747,0
ID90748,1
ID90749,0
ID90750,0
ID90751,0
ID90752,0
ID90753,1
ID90754,1
ID90755,1
ID90756,0
ID90757,1
ID90758,0
ID90759,1
ID90760,1
ID90761,1
ID90762,1
ID90763,1
ID90764,1
ID90765,0
ID90766,1
ID90767,1
ID90768,1
ID90769,1
ID90770,1
ID90771,1
ID90772,1
ID90773,1
ID90774,1
ID90775,0
ID90776,0
ID90777,0
ID90778,0
ID90779,1
ID90780,0
ID90781,1
ID90782,1
ID90783,1
ID90784,0
ID90785,0
ID90786,0
ID90787,1
ID90788,0
ID90789,0
ID90790,1
ID90791,0
ID90792,0
ID90793,0
ID90794,1
ID90795,0
ID90796,1
ID90797,0
ID90798,1
ID90799,0
ID90800,1
ID90801,1
ID90802,0
ID90803,1
ID90804,0
ID90805,1
ID90806,1
ID90807,0
ID90808,1
ID90809,1
ID90810,0
ID90811,1
ID90812,1
ID90813,1
ID90814,1
ID90815,0
ID90816,0
ID90817,1
ID90818,0
ID90819,1
ID90820,1
ID90821,0
ID90822,1
ID90823,1
ID90824,1
ID90825,1
ID90826,1
ID90827,1
ID90828,0
ID90829,1
ID90830,0
ID90831,1
ID90832,1
ID90833,1
ID90834,1
ID90835,0
ID90836,1
ID90837,0
ID90838,0
ID90839,0
ID90840,1
ID90841,1
ID90842,1
ID90843,1
ID90844,1
ID90845,1
ID90846,0
ID90847,0
ID90848,1
ID90849,1
ID90850,1
ID90851,1
ID90852,0
ID90853,0
ID90854,1
ID90855,1
ID90856,1
ID90857,1
ID90858,0
ID90859,1
ID90860,1
ID90861,1
ID90862,0
ID90863,1
ID90864,1
ID90865,1
ID90866,1
ID90867,1
ID90868,1
ID90869,0
ID90870,1
ID90871,0
ID90872,1
ID90873,1
ID90874,0
ID90875,1
ID90876,1
ID90877,1
ID90878,1
ID90879,1
ID90880,1
ID90881,0
ID90882,0
ID90883,1
ID90884,0
ID90885,0
ID90886,0
ID90887,1
ID90888,0
ID90889,1
ID90890,0
ID90891,1
ID90892,0
ID90893,1
ID90894,1
ID90895,0
ID90896,1
ID90897,0
ID90898,1
ID90899,1
ID90900,1
ID90901,0
ID90902,0
ID90903,1
ID90904,0
ID90905,1
ID90906,0
ID90907,1
ID90908,1
ID90909,1
ID90910,0
ID90911,0
ID90912,1
ID90913,1
ID90914,1
ID90915,1
ID90916,0
ID90917,1
ID90918,1
ID90919,1
ID90920,0
ID90921,0
ID90922,1
ID90923,1
ID90924,1
ID90925,1
ID90926,1
ID90927,0
ID90928,0
ID90929,0
ID90930,1
ID90931,0
ID90932,1
ID90933,1
ID90934,1
ID90935,0
ID90936,0
ID90937,1
ID90938,1
ID90939,0
ID90940,0
ID90941,1
ID90942,1
ID90943,1
ID90944,1
ID90945,0
ID90946,1
ID90947,1
ID90948,0
ID90949,1
ID90950,0
ID90951,0
ID90952,0
ID90953,1
ID90954,1
ID90955,1
ID90956,0
ID90957,0
ID90958,0
ID90959,1
ID90960,0
ID90961,1
ID90962,1
ID90963,1
ID90964,1
ID90965,0
ID90966,1
ID90967,0
ID90968,1
ID90969,1
ID90970,1
ID90971,1
ID90972,0
ID90973,0
ID90974,1
ID90975,0
ID90976,1
ID90977,1
ID90978,1
ID90979,0
ID90980,0
ID90981,1
ID90982,1
ID90983,0
ID90984,0
ID90985,1
ID90986,0
ID90987,0
ID90988,1
ID90989,1
ID90990,0
ID90991,1
ID90992,1
ID90993,0
ID90994,1
ID90995,1
ID90996,1
ID90997,1
ID90998,1
ID90999,1
ID91000,1
ID91001,1
ID91002,1
ID91003,0
ID91004,1
ID91005,1
ID91006,1
ID91007,0
ID91008,1
ID91009,1
ID91010,0
ID91011,1
ID91012,0
ID91013,0
ID91014,0
ID91015,1
ID91016,1
ID91017,0
ID91018,1
ID91019,0
ID91020,0
ID91021,1
ID91022,0
ID91023,1
ID91024,1
ID91025,1
ID91026,1
ID91027,0
ID91028,0
ID91029,1
ID91030,1
ID91031,1
ID91032,0
ID91033,1
ID91034,1
ID91035,1
ID91036,0
ID91037,1
ID91038,1
ID91039,1
ID91040,0
ID91041,1
ID91042,1
ID91043,1
ID91044,1
ID91045,0
ID91046,1
ID91047,1
ID91048,1
ID91049,0
ID91050,1
ID91051,1
ID91052,0
ID91053,0
ID91054,1
ID91055,0
ID91056,1
ID91057,0
ID91058,1
ID91059,0
ID91060,1
ID91061,1
ID91062,1
ID91063,1
ID91064,1
ID91065,1
ID91066,1
ID91067,1
ID91068,0
ID91069,0
ID91070,0
ID91071,1
ID91072,1
ID91073,1
ID91074,1
ID91075,1
ID91076,1
ID91077,0
ID91078,1
ID91079,1
ID91080,1
ID91081,1
ID91082,0
ID91083,1
ID91084,1
ID91085,1
ID91086,1
ID91087,0
ID91088,0
ID91089,0
ID91090,1
ID91091,0
ID91092,0
ID91093,1
ID91094,1
ID91095,1
ID91096,0
ID91097,1
ID91098,0
ID91099,1
ID91100,0
ID91101,0
ID91102,0
ID91103,0
ID91104,1
ID91105,1
ID91106,1
ID91107,1
ID91108,0
ID91109,1
ID91110,0
ID91111,1
ID91112,0
ID91113,0
ID91114,0
ID91115,1
ID91116,1
ID91117,0
ID91118,1
ID91119,1
ID91120,1
ID91121,1
ID91122,1
ID91123,1
ID91124,0
ID91125,1
ID91126,1
ID91127,1
ID91128,1
ID91129,1
ID91130,0
ID91131,1
ID91132,0
ID91133,0
ID91134,1
ID91135,0
ID91136,1
ID91137,1
ID91138,1
ID91139,0
ID91140,0
ID91141,0
ID91142,1
ID91143,0
ID91144,1
ID91145,0
ID91146,1
ID91147,1
ID91148,0
ID91149,1
ID91150,1
ID91151,1
ID91152,1
ID91153,0
ID91154,1
ID91155,0
ID91156,1
ID91157,0
ID91158,1
ID91159,0
ID91160,1
ID91161,1
ID91162,0
ID91163,1
ID91164,1
ID91165,1
ID91166,0
ID91167,0
ID91168,1
ID91169,1
ID91170,0
ID91171,0
ID91172,1
ID91173,1
ID91174,0
ID91175,0
ID91176,0
ID91177,1
ID91178,1
ID91179,1
ID91180,1
ID91181,1
ID91182,0
ID91183,0
ID91184,1
ID91185,1
ID91186,1
ID91187,0
ID91188,1
ID91189,1
ID91190,0
ID91191,0
ID91192,1
ID91193,0
ID91194,1
ID91195,1
ID91196,0
ID91197,1
ID91198,1
ID91199,0
ID91200,0
ID91201,1
ID91202,1
ID91203,0
ID91204,0
ID91205,0
ID91206,0
ID91207,1
ID91208,0
ID91209,0
ID91210,1
ID91211,0
ID91212,1
ID91213,0
ID91214,1
ID91215,0
ID91216,1
ID91217,0
ID91218,1
ID91219,1
ID91220,1
ID91221,1
ID91222,1
ID91223,1
ID91224,1
ID91225,1
ID91226,1
ID91227,0
ID91228,1
ID91229,0
ID91230,1
ID91231,1
ID91232,1
ID91233,0
ID91234,0
ID91235,0
ID91236,1
ID91237,1
ID91238,1
ID91239,1
ID91240,0
ID91241,1
ID91242,1
ID91243,1
ID91244,1
ID91245,1
ID91246,0
ID91247,1
ID91248,1
ID91249,0
ID91250,0
ID91251,0
ID91252,1
ID91253,0
ID91254,1
ID91255,1
ID91256,0
ID91257,1
ID91258,0
ID91259,0
ID91260,1
ID91261,1
ID91262,0
ID91263,0
ID91264,1
ID91265,0
ID91266,0
ID91267,1
ID91268,1
ID91269,1
ID91270,0
ID91271,0
ID91272,0
ID91273,0
ID91274,1
ID91275,1
ID91276,0
ID91277,1
ID91278,0
ID91279,0
ID91280,1
ID91281,1
ID91282,1
ID91283,1
ID91284,1
ID91285,0
ID91286,0
ID91287,0
ID91288,1
ID91289,0
ID91290,1
ID91291,1
ID91292,1
ID91293,0
ID91294,1
ID91295,1
ID91296,0
ID91297,1
ID91298,1
ID91299,1
ID91300,1
ID91301,0
ID91302,1
ID91303,0
ID91304,1
ID91305,1
ID91306,0
ID91307,0
ID91308,1
ID91309,1
ID91310,1
ID91311,1
ID91312,0
ID91313,1
ID91314,0
ID91315,0
ID91316,0
ID91317,1
ID91318,1
ID91319,1
ID91320,1
ID91321,0
ID91322,1
ID91323,0
ID91324,1
ID91325,0
ID91326,0
ID91327,0
ID91328,1
ID91329,1
ID91330,1
ID91331,1
ID91332,1
ID91333,1
ID91334,1
ID91335,0
ID91336,1
ID91337,0
ID91338,1
ID91339,1
ID91340,0
ID91341,1
ID91342,0
ID91343,1
ID91344,1
ID91345,1
ID91346,0
ID91347,0
ID91348,1
ID91349,0
ID91350,1
ID91351,1
ID91352,1
ID91353,1
ID91354,1
ID91355,1
ID91356,0
ID91357,1
ID91358,0
ID91359,0
ID91360,0
ID91361,1
ID91362,1
ID91363,0
ID91364,1
ID91365,1
ID91366,1
ID91367,0
ID91368,1
ID91369,0
ID91370,0
ID91371,1
ID91372,0
ID91373,1
ID91374,0
ID91375,0
ID91376,1
ID91377,0
ID91378,0
ID91379,1
ID91380,1
ID91381,1
ID91382,1
ID91383,1
ID91384,1
ID91385,1
ID91386,1
ID91387,1
ID91388,1
ID91389,1
ID91390,1
ID91391,0
ID91392,0
ID91393,0
ID91394,0
ID91395,1
ID91396,1
ID91397,1
ID91398,1
ID91399,1
ID91400,0
ID91401,1
ID91402,0
ID91403,1
ID91404,0
ID91405,0
ID91406,1
ID91407,0
ID91408,1
ID91409,1
ID91410,1
ID91411,1
ID91412,1
ID91413,1
ID91414,1
ID91415,1
ID91416,1
ID91417,1
ID91418,1
ID91419,1
ID91420,0
ID91421,1
ID91422,1
ID91423,1
ID91424,1
ID91425,0
ID91426,0
ID91427,0
ID91428,1
ID91429,1
ID91430,0
ID91431,1
ID91432,1
ID91433,0
ID91434,1
ID91435,1
ID91436,1
ID91437,0
ID91438,1
ID91439,0
ID91440,1
ID91441,1
ID91442,0
ID91443,1
ID91444,1
ID91445,0
ID91446,1
ID91447,1
ID91448,1
ID91449,1
ID91450,1
ID91451,1
ID91452,0
ID91453,0
ID91454,1
ID91455,1
ID91456,1
ID91457,0
ID91458,1
ID91459,0
ID91460,1
ID91461,1
ID91462,0
ID91463,1
ID91464,1
ID91465,0
ID91466,0
ID91467,1
ID91468,1
ID91469,1
ID91470,0
ID91471,1
ID91472,0
ID91473,0
ID91474,0
ID91475,1
ID91476,0
ID91477,1
ID91478,1
ID91479,1
ID91480,1
ID91481,1
ID91482,1
ID91483,1
ID91484,1
ID91485,1
ID91486,0
ID91487,1
ID91488,0
ID91489,1
ID91490,1
ID91491,0
ID91492,1
ID91493,1
ID91494,1
ID91495,0
ID91496,1
ID91497,0
ID91498,1
ID91499,1
ID91500,1
ID91501,0
ID91502,1
ID91503,1
ID91504,0
ID91505,0
ID91506,0
ID91507,0
ID91508,1
ID91509,0
ID91510,1
ID91511,0
ID91512,1
ID91513,1
ID91514,1
ID91515,0
ID91516,1
ID91517,1
ID91518,1
ID91519,0
ID91520,1
ID91521,1
ID91522,1
ID91523,1
ID91524,1
ID91525,1
ID91526,1
ID91527,0
ID91528,1
ID91529,1
ID91530,1
ID91531,0
ID91532,1
ID91533,1
ID91534,1
ID91535,1
ID91536,1
ID91537,1
ID91538,1
ID91539,1
ID91540,0
ID91541,1
ID91542,1
ID91543,1
ID91544,0
ID91545,0
ID91546,1
ID91547,1
ID91548,0
ID91549,0
ID91550,0
ID91551,1
ID91552,1
ID91553,1
ID91554,1
ID91555,0
ID91556,0
ID91557,1
ID91558,1
ID91559,0
ID91560,1
ID91561,1
ID91562,1
ID91563,1
ID91564,1
ID91565,0
ID91566,0
ID91567,1
ID91568,1
ID91569,0
ID91570,0
ID91571,1
ID91572,1
ID91573,1
ID91574,1
ID91575,1
ID91576,0
ID91577,0
ID91578,1
ID91579,0
ID91580,1
ID91581,1
ID91582,0
ID91583,1
ID91584,1
ID91585,1
ID91586,0
ID91587,0
ID91588,1
ID91589,1
ID91590,1
ID91591,0
ID91592,0
ID91593,0
ID91594,1
ID91595,1
ID91596,0
ID91597,1
ID91598,1
ID91599,1
ID91600,0
ID91601,1
ID91602,1
ID91603,1
ID91604,1
ID91605,1
ID91606,1
ID91607,1
ID91608,1
ID91609,1
ID91610,1
ID91611,0
ID91612,1
ID91613,1
ID91614,1
ID91615,1
ID91616,0
ID91617,1
ID91618,1
ID91619,0
ID91620,1
ID91621,1
ID91622,1
ID91623,0
ID91624,1
ID91625,1
ID91626,1
ID91627,0
ID91628,0
ID91629,0
ID91630,1
ID91631,0
ID91632,1
ID91633,0
ID91634,1
ID91635,0
ID91636,1
ID91637,1
ID91638,0
ID91639,1
ID91640,1
ID91641,0
ID91642,1
ID91643,0
ID91644,0
ID91645,1
ID91646,1
ID91647,1
ID91648,1
ID91649,1
ID91650,1
ID91651,1
ID91652,1
ID91653,1
ID91654,0
ID91655,0
ID91656,1
ID91657,0
ID91658,0
ID91659,1
ID91660,1
ID91661,0
ID91662,1
ID91663,1
ID91664,1
ID91665,1
ID91666,0
ID91667,1
ID91668,1
ID91669,0
ID91670,0
ID91671,1
ID91672,1
ID91673,1
ID91674,0
ID91675,1
ID91676,1
ID91677,1
ID91678,1
ID91679,0
ID91680,1
ID91681,0
ID91682,1
ID91683,1
ID91684,1
ID91685,1
ID91686,0
ID91687,0
ID91688,1
ID91689,1
ID91690,1
ID91691,1
ID91692,1
ID91693,1
ID91694,0
ID91695,1
ID91696,1
ID91697,0
ID91698,1
ID91699,1
ID91700,1
ID91701,1
ID91702,1
ID91703,1
ID91704,1
ID91705,1
ID91706,1
ID91707,1
ID91708,0
ID91709,1
ID91710,0
ID91711,1
ID91712,1
ID91713,1
ID91714,1
ID91715,0
ID91716,1
ID91717,0
ID91718,1
ID91719,1
ID91720,1
ID91721,0
ID91722,1
ID91723,1
ID91724,1
ID91725,0
ID91726,1
ID91727,0
ID91728,0
ID91729,1
ID91730,0
ID91731,0
ID91732,1
ID91733,0
ID91734,1
ID91735,1
ID91736,0
ID91737,1
ID91738,1
ID91739,1
ID91740,1
ID91741,0
ID91742,1
ID91743,1
ID91744,1
ID91745,1
ID91746,1
ID91747,1
ID91748,0
ID91749,0
ID91750,0
ID91751,1
ID91752,0
ID91753,0
ID91754,1
ID91755,0
ID91756,1
ID91757,0
ID91758,1
ID91759,0
ID91760,0
ID91761,1
ID91762,1
ID91763,0
ID91764,0
ID91765,1
ID91766,0
ID91767,0
ID91768,1
ID91769,1
ID91770,1
ID91771,0
ID91772,0
ID91773,0
ID91774,1
ID91775,1
ID91776,1
ID91777,1
ID91778,1
ID91779,0
ID91780,1
ID91781,0
ID91782,1
ID91783,1
ID91784,0
ID91785,1
ID91786,1
ID91787,0
ID91788,0
ID91789,1
ID91790,1
ID91791,1
ID91792,1
ID91793,1
ID91794,0
ID91795,1
ID91796,1
ID91797,1
ID91798,1
ID91799,0
ID91800,1
ID91801,0
ID91802,0
ID91803,1
ID91804,1
ID91805,1
ID91806,0
ID91807,1
ID91808,0
ID91809,1
ID91810,1
ID91811,1
ID91812,1
ID91813,1
ID91814,1
ID91815,0
ID91816,1
ID91817,1
ID91818,0
ID91819,0
ID91820,1
ID91821,0
ID91822,1
ID91823,1
ID91824,1
ID91825,1
ID91826,1
ID91827,1
ID91828,0
ID91829,1
ID91830,1
ID91831,0
ID91832,0
ID91833,1
ID91834,0
ID91835,0
ID91836,1
ID91837,1
ID91838,0
ID91839,0
ID91840,1
ID91841,1
ID91842,1
ID91843,1
ID91844,1
ID91845,1
ID91846,0
ID91847,1
ID91848,1
ID91849,1
ID91850,1
ID91851,1
ID91852,1
ID91853,0
ID91854,1
ID91855,0
ID91856,0
ID91857,1
ID91858,0
ID91859,1
ID91860,0
ID91861,1
ID91862,1
ID91863,1
ID91864,0
ID91865,0
ID91866,1
ID91867,1
ID91868,1
ID91869,1
ID91870,1
ID91871,1
ID91872,1
ID91873,1
ID91874,1
ID91875,1
ID91876,1
ID91877,1
ID91878,1
ID91879,1
ID91880,1
ID91881,1
ID91882,1
ID91883,1
ID91884,1
ID91885,1
ID91886,1
ID91887,0
ID91888,0
ID91889,1
ID91890,1
ID91891,1
ID91892,0
ID91893,1
ID91894,1
ID91895,1
ID91896,1
ID91897,0
ID91898,1
ID91899,1
ID91900,1
ID91901,0
ID91902,1
ID91903,1
ID91904,1
ID91905,1
ID91906,1
ID91907,0
ID91908,0
ID91909,0
ID91910,1
ID91911,1
ID91912,1
ID91913,1
ID91914,1
ID91915,1
ID91916,0
ID91917,0
ID91918,1
ID91919,0
ID91920,1
ID91921,0
ID91922,0
ID91923,0
ID91924,1
ID91925,1
ID91926,1
ID91927,1
ID91928,0
ID91929,1
ID91930,1
ID91931,1
ID91932,1
ID91933,1
ID91934,1
ID91935,0
ID91936,1
ID91937,0
ID91938,1
ID91939,1
ID91940,1
ID91941,0
ID91942,1
ID91943,1
ID91944,1
ID91945,1
ID91946,1
ID91947,1
ID91948,0
ID91949,1
ID91950,0
ID91951,0
ID91952,0
ID91953,1
ID91954,1
ID91955,1
ID91956,1
ID91957,1
ID91958,1
ID91959,1
ID91960,0
ID91961,1
ID91962,1
ID91963,1
ID91964,0
ID91965,0
ID91966,1
ID91967,0
ID91968,1
ID91969,1
ID91970,0
ID91971,1
ID91972,1
ID91973,0
ID91974,0
ID91975,0
ID91976,1
ID91977,1
ID91978,0
ID91979,1
ID91980,0
ID91981,0
ID91982,1
ID91983,1
ID91984,0
ID91985,1
ID91986,0
ID91987,1
ID91988,1
ID91989,1
ID91990,1
ID91991,0
ID91992,1
ID91993,0
ID91994,1
ID91995,1
ID91996,0
ID91997,1
ID91998,1
ID91999,0
ID92000,1
ID92001,1
ID92002,1
ID92003,1
ID92004,1
ID92005,1
ID92006,0
ID92007,0
ID92008,1
ID92009,0
ID92010,1
ID92011,1
ID92012,0
ID92013,0
ID92014,1
ID92015,0
ID92016,1
ID92017,1
ID92018,1
ID92019,1
ID92020,1
ID92021,1
ID92022,0
ID92023,1
ID92024,1
ID92025,1
ID92026,1
ID92027,1
ID92028,1
ID92029,1
ID92030,1
ID92031,1
ID92032,1
ID92033,1
ID92034,1
ID92035,1
ID92036,0
ID92037,0
ID92038,0
ID92039,0
ID92040,0
ID92041,1
ID92042,1
ID92043,1
ID92044,1
ID92045,0
ID92046,1
ID92047,1
ID92048,0
ID92049,1
ID92050,1
ID92051,1
ID92052,1
ID92053,1
ID92054,0
ID92055,0
ID92056,0
ID92057,0
ID92058,0
ID92059,1
ID92060,1
ID92061,1
ID92062,1
ID92063,1
ID92064,1
ID92065,0
ID92066,1
ID92067,1
ID92068,1
ID92069,0
ID92070,1
ID92071,0
ID92072,0
ID92073,1
ID92074,1
ID92075,1
ID92076,1
ID92077,1
ID92078,0
ID92079,0
ID92080,0
ID92081,0
ID92082,1
ID92083,1
ID92084,1
ID92085,1
ID92086,1
ID92087,1
ID92088,0
ID92089,1
ID92090,1
ID92091,0
ID92092,1
ID92093,1
ID92094,1
ID92095,1
ID92096,1
ID92097,1
ID92098,0
ID92099,0
ID92100,1
ID92101,1
ID92102,0
ID92103,0
ID92104,0
ID92105,1
ID92106,1
ID92107,0
ID92108,1
ID92109,1
ID92110,1
ID92111,0
ID92112,1
ID92113,0
ID92114,1
ID92115,1
ID92116,0
ID92117,1
ID92118,1
ID92119,0
ID92120,1
ID92121,1
ID92122,1
ID92123,0
ID92124,0
ID92125,1
ID92126,0
ID92127,1
ID92128,1
ID92129,1
ID92130,1
ID92131,1
ID92132,0
ID92133,0
ID92134,0
ID92135,1
ID92136,0
ID92137,1
ID92138,1
ID92139,1
ID92140,1
ID92141,0
ID92142,1
ID92143,1
ID92144,1
ID92145,0
ID92146,1
ID92147,1
ID92148,1
ID92149,0
ID92150,0
ID92151,1
ID92152,1
ID92153,1
ID92154,1
ID92155,1
ID92156,1
ID92157,1
ID92158,1
ID92159,0
ID92160,1
ID92161,1
ID92162,1
ID92163,0
ID92164,1
ID92165,0
ID92166,1
ID92167,0
ID92168,0
ID92169,1
ID92170,1
ID92171,1
ID92172,0
ID92173,1
ID92174,1
ID92175,0
ID92176,0
ID92177,1
ID92178,1
ID92179,0
ID92180,1
ID92181,1
ID92182,1
ID92183,1
ID92184,1
ID92185,1
ID92186,1
ID92187,1
ID92188,0
ID92189,1
ID92190,1
ID92191,1
ID92192,1
ID92193,1
ID92194,1
ID92195,0
ID92196,0
ID92197,1
ID92198,0
ID92199,1
ID92200,1
ID92201,0
ID92202,0
ID92203,0
ID92204,1
ID92205,1
ID92206,1
ID92207,1
ID92208,1
ID92209,1
ID92210,1
ID92211,1
ID92212,1
ID92213,1
ID92214,1
ID92215,0
ID92216,1
ID92217,1
ID92218,0
ID92219,1
ID92220,1
ID92221,1
ID92222,0
ID92223,1
ID92224,0
ID92225,1
ID92226,0
ID92227,1
ID92228,1
ID92229,1
ID92230,1
ID92231,0
ID92232,1
ID92233,1
ID92234,1
ID92235,1
ID92236,0
ID92237,1
ID92238,1
ID92239,1
ID92240,1
ID92241,1
ID92242,1
ID92243,1
ID92244,0
ID92245,1
ID92246,1
ID92247,0
ID92248,0
ID92249,1
ID92250,1
ID92251,0
ID92252,1
ID92253,1
ID92254,1
ID92255,1
ID92256,0
ID92257,1
ID92258,0
ID92259,1
ID92260,1
ID92261,1
ID92262,0
ID92263,1
ID92264,0
ID92265,0
ID92266,1
ID92267,1
ID92268,0
ID92269,1
ID92270,0
ID92271,1
ID92272,1
ID92273,1
ID92274,1
ID92275,1
ID92276,0
ID92277,1
ID92278,1
ID92279,1
ID92280,1
ID92281,1
ID92282,1
ID92283,1
ID92284,1
ID92285,0
ID92286,1
ID92287,1
ID92288,1
ID92289,0
ID92290,1
ID92291,1
ID92292,0
ID92293,1
ID92294,1
ID92295,1
ID92296,1
ID92297,1
ID92298,1
ID92299,1
ID92300,1
ID92301,1
ID92302,1
ID92303,1
ID92304,0
ID92305,0
ID92306,1
ID92307,1
ID92308,1
ID92309,0
ID92310,1
ID92311,0
ID92312,0
ID92313,1
ID92314,1
ID92315,1
ID92316,0
ID92317,0
ID92318,1
ID92319,0
ID92320,1
ID92321,1
ID92322,1
ID92323,1
ID92324,1
ID92325,1
ID92326,1
ID92327,0
ID92328,1
ID92329,1
ID92330,1
ID92331,1
ID92332,1
ID92333,1
ID92334,0
ID92335,1
ID92336,0
ID92337,1
ID92338,1
ID92339,0
ID92340,1
ID92341,1
ID92342,0
ID92343,1
ID92344,1
ID92345,1
ID92346,1
ID92347,1
ID92348,1
ID92349,0
ID92350,0
ID92351,0
ID92352,1
ID92353,1
ID92354,0
ID92355,1
ID92356,0
ID92357,0
ID92358,1
ID92359,1
ID92360,1
ID92361,1
ID92362,1
ID92363,0
ID92364,0
ID92365,1
ID92366,1
ID92367,0
ID92368,0
ID92369,1
ID92370,1
ID92371,1
ID92372,1
ID92373,1
ID92374,1
ID92375,1
ID92376,1
ID92377,1
ID92378,1
ID92379,1
ID92380,1
ID92381,1
ID92382,0
ID92383,1
ID92384,0
ID92385,1
ID92386,1
ID92387,0
ID92388,1
ID92389,1
ID92390,1
ID92391,0
ID92392,1
ID92393,0
ID92394,0
ID92395,0
ID92396,1
ID92397,0
ID92398,1
ID92399,1
ID92400,1
ID92401,1
ID92402,0
ID92403,1
ID92404,1
ID92405,0
ID92406,0
ID92407,1
ID92408,0
ID92409,0
ID92410,0
ID92411,0
ID92412,1
ID92413,1
ID92414,0
ID92415,1
ID92416,1
ID92417,0
ID92418,1
ID92419,1
ID92420,1
ID92421,1
ID92422,1
ID92423,1
ID92424,1
ID92425,1
ID92426,1
ID92427,1
ID92428,0
ID92429,0
ID92430,1
ID92431,1
ID92432,1
ID92433,0
ID92434,1
ID92435,1
ID92436,0
ID92437,1
ID92438,1
ID92439,0
ID92440,1
ID92441,0
ID92442,1
ID92443,1
ID92444,1
ID92445,1
ID92446,0
ID92447,0
ID92448,0
ID92449,1
ID92450,1
ID92451,1
ID92452,1
ID92453,1
ID92454,0
ID92455,1
ID92456,0
ID92457,1
ID92458,1
ID92459,0
ID92460,0
ID92461,0
ID92462,1
ID92463,0
ID92464,1
ID92465,1
ID92466,1
ID92467,0
ID92468,1
ID92469,1
ID92470,1
ID92471,1
ID92472,1
ID92473,0
ID92474,0
ID92475,1
ID92476,1
ID92477,0
ID92478,1
ID92479,1
ID92480,1
ID92481,1
ID92482,0
ID92483,0
ID92484,1
ID92485,1
ID92486,1
ID92487,1
ID92488,0
ID92489,1
ID92490,1
ID92491,0
ID92492,0
ID92493,0
ID92494,1
ID92495,1
ID92496,0
ID92497,1
ID92498,0
ID92499,1
ID92500,0
ID92501,0
ID92502,0
ID92503,1
ID92504,0
ID92505,1
ID92506,0
ID92507,1
ID92508,1
ID92509,1
ID92510,0
ID92511,1
ID92512,1
ID92513,1
ID92514,0
ID92515,1
ID92516,0
ID92517,1
ID92518,0
ID92519,0
ID92520,1
ID92521,1
ID92522,0
ID92523,1
ID92524,1
ID92525,1
ID92526,1
ID92527,1
ID92528,1
ID92529,1
ID92530,1
ID92531,1
ID92532,1
ID92533,0
ID92534,1
ID92535,1
ID92536,1
ID92537,0
ID92538,1
ID92539,1
ID92540,1
ID92541,1
ID92542,1
ID92543,1
ID92544,1
ID92545,1
ID92546,0
ID92547,0
ID92548,1
ID92549,1
ID92550,1
ID92551,0
ID92552,1
ID92553,0
ID92554,1
ID92555,0
ID92556,0
ID92557,0
ID92558,1
ID92559,1
ID92560,0
ID92561,0
ID92562,0
ID92563,0
ID92564,0
ID92565,1
ID92566,1
ID92567,0
ID92568,0
ID92569,0
ID92570,1
ID92571,1
ID92572,1
ID92573,1
ID92574,0
ID92575,1
ID92576,0
ID92577,1
ID92578,1
ID92579,1
ID92580,1
ID92581,1
ID92582,0
ID92583,1
ID92584,1
ID92585,0
ID92586,1
ID92587,0
ID92588,1
ID92589,1
ID92590,0
ID92591,1
ID92592,1
ID92593,1
ID92594,1
ID92595,1
ID92596,1
ID92597,1
ID92598,0
ID92599,0
ID92600,1
ID92601,1
ID92602,1
ID92603,1
ID92604,1
ID92605,0
ID92606,1
ID92607,1
ID92608,1
ID92609,1
ID92610,1
ID92611,1
ID92612,0
ID92613,0
ID92614,0
ID92615,1
ID92616,1
ID92617,1
ID92618,0
ID92619,1
ID92620,1
ID92621,1
ID92622,0
ID92623,0
ID92624,1
ID92625,1
ID92626,1
ID92627,1
ID92628,1
ID92629,1
ID92630,1
ID92631,0
ID92632,1
ID92633,1
ID92634,0
ID92635,1
ID92636,1
ID92637,1
ID92638,1
ID92639,0
ID92640,0
ID92641,0
ID92642,0
ID92643,1
ID92644,1
ID92645,1
ID92646,1
ID92647,0
ID92648,0
ID92649,1
ID92650,1
ID92651,0
ID92652,1
ID92653,0
ID92654,0
ID92655,0
ID92656,0
ID92657,1
ID92658,1
ID92659,0
ID92660,1
ID92661,1
ID92662,0
ID92663,1
ID92664,0
ID92665,1
ID92666,1
ID92667,1
ID92668,1
ID92669,1
ID92670,0
ID92671,0
ID92672,1
ID92673,0
ID92674,1
ID92675,0
ID92676,1
ID92677,1
ID92678,0
ID92679,0
ID92680,0
ID92681,0
ID92682,0
ID92683,1
ID92684,1
ID92685,1
ID92686,1
ID92687,1
ID92688,0
ID92689,0
ID92690,0
ID92691,0
ID92692,1
ID92693,1
ID92694,0
ID92695,0
ID92696,0
ID92697,1
ID92698,1
ID92699,1
ID92700,0
ID92701,1
ID92702,1
ID92703,0
ID92704,0
ID92705,0
ID92706,0
ID92707,1
ID92708,0
ID92709,1
ID92710,0
ID92711,1
ID92712,1
ID92713,1
ID92714,1
ID92715,1
ID92716,1
ID92717,0
ID92718,1
ID92719,0
ID92720,1
ID92721,1
ID92722,0
ID92723,1
ID92724,0
ID92725,1
ID92726,1
ID92727,1
ID92728,1
ID92729,1
ID92730,1
ID92731,0
ID92732,0
ID92733,1
ID92734,1
ID92735,0
ID92736,1
ID92737,0
ID92738,1
ID92739,0
ID92740,1
ID92741,1
ID92742,1
ID92743,0
ID92744,0
ID92745,0
ID92746,0
ID92747,1
ID92748,1
ID92749,1
ID92750,1
ID92751,1
ID92752,1
ID92753,1
ID92754,0
ID92755,0
ID92756,1
ID92757,1
ID92758,1
ID92759,1
ID92760,0
ID92761,1
ID92762,1
ID92763,1
ID92764,0
ID92765,1
ID92766,1
ID92767,0
ID92768,0
ID92769,1
ID92770,1
ID92771,1
ID92772,1
ID92773,1
ID92774,1
ID92775,1
ID92776,1
ID92777,1
ID92778,1
ID92779,1
ID92780,1
ID92781,0
ID92782,1
ID92783,1
ID92784,1
ID92785,0
ID92786,1
ID92787,1
ID92788,0
ID92789,0
ID92790,1
ID92791,1
ID92792,1
ID92793,1
ID92794,1
ID92795,0
ID92796,0
ID92797,0
ID92798,1
ID92799,1
ID92800,1
ID92801,1
ID92802,1
ID92803,0
ID92804,1
ID92805,0
ID92806,1
ID92807,0
ID92808,1
ID92809,0
ID92810,1
ID92811,1
ID92812,1
ID92813,1
ID92814,1
ID92815,1
ID92816,1
ID92817,1
ID92818,0
ID92819,1
ID92820,1
ID92821,1
ID92822,1
ID92823,0
ID92824,0
ID92825,0
ID92826,0
ID92827,1
ID92828,1
ID92829,0
ID92830,1
ID92831,1
ID92832,0
ID92833,1
ID92834,1
ID92835,1
ID92836,0
ID92837,1
ID92838,0
ID92839,1
ID92840,1
ID92841,1
ID92842,1
ID92843,1
ID92844,1
ID92845,0
ID92846,1
ID92847,1
ID92848,1
ID92849,1
ID92850,1
ID92851,1
ID92852,0
ID92853,0
ID92854,1
ID92855,0
ID92856,1
ID92857,0
ID92858,0
ID92859,0
ID92860,1
ID92861,1
ID92862,1
ID92863,1
ID92864,1
ID92865,1
ID92866,0
ID92867,1
ID92868,0
ID92869,1
ID92870,1
ID92871,1
ID92872,1
ID92873,1
ID92874,1
ID92875,0
ID92876,1
ID92877,1
ID92878,0
ID92879,1
ID92880,0
ID92881,1
ID92882,1
ID92883,1
ID92884,1
ID92885,1
ID92886,1
ID92887,1
ID92888,1
ID92889,1
ID92890,0
ID92891,1
ID92892,0
ID92893,0
ID92894,0
ID92895,0
ID92896,0
ID92897,0
ID92898,1
ID92899,1
ID92900,1
ID92901,0
ID92902,0
ID92903,0
ID92904,1
ID92905,1
ID92906,1
ID92907,1
ID92908,1
ID92909,0
ID92910,1
ID92911,1
ID92912,1
ID92913,1
ID92914,0
ID92915,0
ID92916,1
ID92917,0
ID92918,1
ID92919,0
ID92920,0
ID92921,1
ID92922,1
ID92923,1
ID92924,0
ID92925,1
ID92926,0
ID92927,1
ID92928,1
ID92929,0
ID92930,0
ID92931,1
ID92932,0
ID92933,1
ID92934,1
ID92935,0
ID92936,1
ID92937,0
ID92938,0
ID92939,1
ID92940,1
ID92941,1
ID92942,1
ID92943,1
ID92944,0
ID92945,1
ID92946,1
ID92947,0
ID92948,1
ID92949,1
ID92950,1
ID92951,1
ID92952,0
ID92953,1
ID92954,1
ID92955,0
ID92956,1
ID92957,1
ID92958,1
ID92959,1
ID92960,0
ID92961,1
ID92962,0
ID92963,1
ID92964,1
ID92965,1
ID92966,1
ID92967,1
ID92968,1
ID92969,0
ID92970,1
ID92971,0
ID92972,1
ID92973,1
ID92974,1
ID92975,1
ID92976,0
ID92977,1
ID92978,0
ID92979,0
ID92980,0
ID92981,1
ID92982,0
ID92983,0
ID92984,0
ID92985,1
ID92986,1
ID92987,0
ID92988,0
ID92989,1
ID92990,1
ID92991,0
ID92992,0
ID92993,1
ID92994,1
ID92995,1
ID92996,1
ID92997,1
ID92998,1
ID92999,1
ID93000,0
ID93001,1
ID93002,0
ID93003,1
ID93004,1
ID93005,1
ID93006,0
ID93007,1
ID93008,1
ID93009,1
ID93010,0
ID93011,1
ID93012,0
ID93013,1
ID93014,1
ID93015,1
ID93016,0
ID93017,0
ID93018,1
ID93019,0
ID93020,1
ID93021,1
ID93022,1
ID93023,1
ID93024,1
ID93025,1
ID93026,1
ID93027,0
ID93028,1
ID93029,1
ID93030,0
ID93031,0
ID93032,1
ID93033,1
ID93034,1
ID93035,1
ID93036,1
ID93037,1
ID93038,1
ID93039,1
ID93040,1
ID93041,0
ID93042,0
ID93043,0
ID93044,1
ID93045,1
ID93046,0
ID93047,0
ID93048,1
ID93049,1
ID93050,1
ID93051,1
ID93052,1
ID93053,1
ID93054,1
ID93055,0
ID93056,1
ID93057,1
ID93058,1
ID93059,1
ID93060,1
ID93061,0
ID93062,0
ID93063,1
ID93064,1
ID93065,1
ID93066,1
ID93067,1
ID93068,1
ID93069,1
ID93070,0
ID93071,1
ID93072,1
ID93073,0
ID93074,1
ID93075,1
ID93076,1
ID93077,0
ID93078,1
ID93079,0
ID93080,1
ID93081,1
ID93082,1
ID93083,0
ID93084,1
ID93085,0
ID93086,0
ID93087,0
ID93088,1
ID93089,1
ID93090,1
ID93091,1
ID93092,0
ID93093,1
ID93094,1
ID93095,1
ID93096,1
ID93097,0
ID93098,1
ID93099,1
ID93100,1
ID93101,1
ID93102,1
ID93103,1
ID93104,1
ID93105,1
ID93106,0
ID93107,1
ID93108,1
ID93109,0
ID93110,1
ID93111,0
ID93112,1
ID93113,1
ID93114,1
ID93115,1
ID93116,0
ID93117,1
ID93118,1
ID93119,0
ID93120,0
ID93121,0
ID93122,1
ID93123,1
ID93124,0
ID93125,1
ID93126,0
ID93127,1
ID93128,1
ID93129,1
ID93130,1
ID93131,1
ID93132,1
ID93133,1
ID93134,0
ID93135,0
ID93136,1
ID93137,0
ID93138,1
ID93139,0
ID93140,0
ID93141,1
ID93142,1
ID93143,1
ID93144,0
ID93145,0
ID93146,1
ID93147,1
ID93148,1
ID93149,0
ID93150,1
ID93151,1
ID93152,0
ID93153,1
ID93154,1
ID93155,1
ID93156,1
ID93157,1
ID93158,0
ID93159,0
ID93160,1
ID93161,0
ID93162,0
ID93163,0
ID93164,1
ID93165,1
ID93166,1
ID93167,1
ID93168,0
ID93169,1
ID93170,0
ID93171,0
ID93172,1
ID93173,0
ID93174,1
ID93175,0
ID93176,1
ID93177,0
ID93178,1
ID93179,0
ID93180,0
ID93181,1
ID93182,1
ID93183,1
ID93184,1
ID93185,0
ID93186,0
ID93187,1
ID93188,0
ID93189,1
ID93190,0
ID93191,0
ID93192,0
ID93193,0
ID93194,1
ID93195,1
ID93196,1
ID93197,0
ID93198,1
ID93199,1
ID93200,1
ID93201,0
ID93202,0
ID93203,1
ID93204,1
ID93205,1
ID93206,1
ID93207,0
ID93208,1
ID93209,1
ID93210,1
ID93211,1
ID93212,0
ID93213,0
ID93214,1
ID93215,1
ID93216,1
ID93217,1
ID93218,0
ID93219,1
ID93220,1
ID93221,0
ID93222,1
ID93223,1
ID93224,1
ID93225,1
ID93226,1
ID93227,1
ID93228,1
ID93229,1
ID93230,1
ID93231,1
ID93232,1
ID93233,0
ID93234,0
ID93235,1
ID93236,1
ID93237,1
ID93238,0
ID93239,1
ID93240,0
ID93241,1
ID93242,1
ID93243,0
ID93244,1
ID93245,1
ID93246,0
ID93247,1
ID93248,0
ID93249,0
ID93250,1
ID93251,1
ID93252,1
ID93253,1
ID93254,0
ID93255,1
ID93256,0
ID93257,1
ID93258,1
ID93259,0
ID93260,1
ID93261,1
ID93262,0
ID93263,1
ID93264,1
ID93265,1
ID93266,1
ID93267,1
ID93268,1
ID93269,1
ID93270,1
ID93271,0
ID93272,0
ID93273,1
ID93274,1
ID93275,0
ID93276,0
ID93277,0
ID93278,1
ID93279,1
ID93280,0
ID93281,0
ID93282,0
ID93283,0
ID93284,1
ID93285,1
ID93286,1
ID93287,0
ID93288,0
ID93289,1
ID93290,1
ID93291,0
ID93292,1
ID93293,0
ID93294,1
ID93295,0
ID93296,0
ID93297,1
ID93298,1
ID93299,0
ID93300,1
ID93301,0
ID93302,0
ID93303,1
ID93304,0
ID93305,1
ID93306,1
ID93307,0
ID93308,0
ID93309,1
ID93310,1
ID93311,0
ID93312,1
ID93313,1
ID93314,1
ID93315,1
ID93316,0
ID93317,1
ID93318,0
ID93319,1
ID93320,1
ID93321,0
ID93322,1
ID93323,1
ID93324,1
ID93325,1
ID93326,0
ID93327,1
ID93328,0
ID93329,1
ID93330,0
ID93331,1
ID93332,1
ID93333,1
ID93334,0
ID93335,0
ID93336,1
ID93337,0
ID93338,0
ID93339,1
ID93340,1
ID93341,1
ID93342,1
ID93343,1
ID93344,1
ID93345,0
ID93346,0
ID93347,1
ID93348,1
ID93349,1
ID93350,1
ID93351,1
ID93352,1
ID93353,1
ID93354,1
ID93355,0
ID93356,1
ID93357,1
ID93358,1
ID93359,0
ID93360,1
ID93361,0
ID93362,0
ID93363,1
ID93364,1
ID93365,0
ID93366,1
ID93367,0
ID93368,1
ID93369,1
ID93370,1
ID93371,0
ID93372,0
ID93373,1
ID93374,1
ID93375,0
ID93376,1
ID93377,1
ID93378,1
ID93379,1
ID93380,0
ID93381,1
ID93382,1
ID93383,0
ID93384,1
ID93385,0
ID93386,1
ID93387,1
ID93388,1
ID93389,1
ID93390,0
ID93391,0
ID93392,1
ID93393,1
ID93394,0
ID93395,1
ID93396,1
ID93397,0
ID93398,1
ID93399,1
ID93400,0
ID93401,1
ID93402,1
ID93403,1
ID93404,1
ID93405,1
ID93406,1
ID93407,1
ID93408,0
ID93409,0
ID93410,1
ID93411,1
ID93412,1
ID93413,1
ID93414,0
ID93415,1
ID93416,1
ID93417,1
ID93418,0
ID93419,1
ID93420,1
ID93421,1
ID93422,1
ID93423,0
ID93424,1
ID93425,1
ID93426,1
ID93427,1
ID93428,0
ID93429,1
ID93430,0
ID93431,1
ID93432,1
ID93433,0
ID93434,1
ID93435,0
ID93436,1
ID93437,1
ID93438,1
ID93439,1
ID93440,1
ID93441,1
ID93442,1
ID93443,0
ID93444,0
ID93445,1
ID93446,1
ID93447,1
ID93448,1
ID93449,1
ID93450,1
ID93451,1
ID93452,1
ID93453,1
ID93454,1
ID93455,1
ID93456,0
ID93457,1
ID93458,1
ID93459,1
ID93460,1
ID93461,1
ID93462,1
ID93463,0
ID93464,0
ID93465,0
ID93466,0
ID93467,1
ID93468,1
ID93469,1
ID93470,1
ID93471,0
ID93472,1
ID93473,0
ID93474,1
ID93475,1
ID93476,1
ID93477,1
ID93478,0
ID93479,0
ID93480,1
ID93481,0
ID93482,0
ID93483,1
ID93484,1
ID93485,1
ID93486,1
ID93487,0
ID93488,0
ID93489,1
ID93490,1
ID93491,1
ID93492,0
ID93493,1
ID93494,1
ID93495,0
ID93496,1
ID93497,0
ID93498,1
ID93499,0
ID93500,0
ID93501,0
ID93502,1
ID93503,1
ID93504,1
ID93505,1
ID93506,1
ID93507,1
ID93508,0
ID93509,1
ID93510,1
ID93511,1
ID93512,1
ID93513,1
ID93514,0
ID93515,1
ID93516,1
ID93517,1
ID93518,1
ID93519,1
ID93520,0
ID93521,0
ID93522,1
ID93523,0
ID93524,1
ID93525,0
ID93526,1
ID93527,0
ID93528,1
ID93529,1
ID93530,1
ID93531,0
ID93532,1
ID93533,1
ID93534,1
ID93535,1
ID93536,1
ID93537,1
ID93538,1
ID93539,1
ID93540,0
ID93541,1
ID93542,1
ID93543,1
ID93544,0
ID93545,1
ID93546,1
ID93547,1
ID93548,1
ID93549,1
ID93550,1
ID93551,1
ID93552,0
ID93553,0
ID93554,0
ID93555,0
ID93556,0
ID93557,1
ID93558,1
ID93559,1
ID93560,1
ID93561,1
ID93562,0
ID93563,1
ID93564,1
ID93565,1
ID93566,1
ID93567,1
ID93568,1
ID93569,1
ID93570,1
ID93571,0
ID93572,1
ID93573,0
ID93574,1
ID93575,1
ID93576,0
ID93577,0
ID93578,0
ID93579,0
ID93580,0
ID93581,0
ID93582,1
ID93583,0
ID93584,1
ID93585,0
ID93586,1
ID93587,1
ID93588,0
ID93589,1
ID93590,1
ID93591,1
ID93592,1
ID93593,1
ID93594,1
ID93595,1
ID93596,1
ID93597,1
ID93598,1
ID93599,1
ID93600,1
ID93601,1
ID93602,1
ID93603,1
ID93604,1
ID93605,1
ID93606,1
ID93607,1
ID93608,1
ID93609,1
ID93610,1
ID93611,1
ID93612,1
ID93613,0
ID93614,1
ID93615,1
ID93616,1
ID93617,1
ID93618,1
ID93619,1
ID93620,1
ID93621,1
ID93622,0
ID93623,1
ID93624,1
ID93625,1
ID93626,1
ID93627,1
ID93628,1
ID93629,1
ID93630,1
ID93631,1
ID93632,0
ID93633,1
ID93634,0
ID93635,1
ID93636,1
ID93637,1
ID93638,1
ID93639,1
ID93640,1
ID93641,0
ID93642,0
ID93643,0
ID93644,1
ID93645,1
ID93646,0
ID93647,0
ID93648,1
ID93649,1
ID93650,0
ID93651,1
ID93652,1
ID93653,1
ID93654,1
ID93655,1
ID93656,0
ID93657,1
ID93658,1
ID93659,1
ID93660,1
ID93661,0
ID93662,1
ID93663,1
ID93664,1
ID93665,1
ID93666,0
ID93667,0
ID93668,1
ID93669,1
ID93670,1
ID93671,1
ID93672,1
ID93673,1
ID93674,0
ID93675,1
ID93676,0
ID93677,1
ID93678,0
ID93679,1
ID93680,1
ID93681,1
ID93682,1
ID93683,1
ID93684,0
ID93685,1
ID93686,0
ID93687,1
ID93688,1
ID93689,1
ID93690,1
ID93691,0
ID93692,1
ID93693,0
ID93694,0
ID93695,1
ID93696,0
ID93697,0
ID93698,1
ID93699,1
ID93700,0
ID93701,0
ID93702,1
ID93703,1
ID93704,1
ID93705,1
ID93706,1
ID93707,1
ID93708,0
ID93709,1
ID93710,0
ID93711,1
ID93712,0
ID93713,1
ID93714,0
ID93715,0
ID93716,1
ID93717,1
ID93718,1
ID93719,0
ID93720,1
ID93721,1
ID93722,1
ID93723,1
ID93724,1
ID93725,1
ID93726,1
ID93727,0
ID93728,1
ID93729,0
ID93730,1
ID93731,1
ID93732,1
ID93733,0
ID93734,1
ID93735,1
ID93736,0
ID93737,0
ID93738,1
ID93739,1
ID93740,1
ID93741,1
ID93742,1
ID93743,1
ID93744,0
ID93745,1
ID93746,0
ID93747,1
ID93748,1
ID93749,1
ID93750,0
ID93751,0
ID93752,1
ID93753,0
ID93754,1
ID93755,1
ID93756,1
ID93757,1
ID93758,1
ID93759,0
ID93760,1
ID93761,1
ID93762,1
ID93763,1
ID93764,1
ID93765,1
ID93766,0
ID93767,0
ID93768,1
ID93769,1
ID93770,1
ID93771,1
ID93772,1
ID93773,0
ID93774,0
ID93775,1
ID93776,1
ID93777,0
ID93778,0
ID93779,1
ID93780,1
ID93781,1
ID93782,0
ID93783,1
ID93784,1
ID93785,0
ID93786,1
ID93787,0
ID93788,0
ID93789,1
ID93790,1
ID93791,0
ID93792,0
ID93793,1
ID93794,1
ID93795,1
ID93796,0
ID93797,1
ID93798,1
ID93799,0
ID93800,1
ID93801,1
ID93802,1
ID93803,1
ID93804,1
ID93805,1
ID93806,1
ID93807,1
ID93808,1
ID93809,0
ID93810,1
ID93811,1
ID93812,1
ID93813,1
ID93814,1
ID93815,1
ID93816,0
ID93817,1
ID93818,0
ID93819,1
ID93820,1
ID93821,1
ID93822,1
ID93823,1
ID93824,1
ID93825,0
ID93826,1
ID93827,0
ID93828,0
ID93829,1
ID93830,0
ID93831,0
ID93832,1
ID93833,1
ID93834,1
ID93835,1
ID93836,1
ID93837,1
ID93838,1
ID93839,1
ID93840,1
ID93841,1
ID93842,1
ID93843,1
ID93844,1
ID93845,0
ID93846,1
ID93847,1
ID93848,1
ID93849,1
ID93850,1
ID93851,1
ID93852,1
ID93853,1
ID93854,0
ID93855,1
ID93856,1
ID93857,1
ID93858,1
ID93859,1
ID93860,0
ID93861,1
ID93862,1
ID93863,1
ID93864,1
ID93865,1
ID93866,0
ID93867,0
ID93868,1
ID93869,1
ID93870,0
ID93871,1
ID93872,1
ID93873,1
ID93874,1
ID93875,1
ID93876,0
ID93877,1
ID93878,1
ID93879,1
ID93880,1
ID93881,0
ID93882,1
ID93883,1
ID93884,0
ID93885,1
ID93886,0
ID93887,1
ID93888,1
ID93889,0
ID93890,1
ID93891,0
ID93892,0
ID93893,0
ID93894,1
ID93895,0
ID93896,0
ID93897,1
ID93898,1
ID93899,1
ID93900,0
ID93901,1
ID93902,1
ID93903,0
ID93904,1
ID93905,0
ID93906,1
ID93907,0
ID93908,0
ID93909,1
ID93910,0
ID93911,1
ID93912,1
ID93913,0
ID93914,1
ID93915,0
ID93916,0
ID93917,1
ID93918,1
ID93919,1
ID93920,0
ID93921,1
ID93922,0
ID93923,1
ID93924,1
ID93925,1
ID93926,1
ID93927,1
ID93928,1
ID93929,1
ID93930,0
ID93931,0
ID93932,0
ID93933,1
ID93934,1
ID93935,1
ID93936,0
ID93937,1
ID93938,0
ID93939,1
ID93940,1
ID93941,0
ID93942,0
ID93943,0
ID93944,0
ID93945,0
ID93946,1
ID93947,0
ID93948,1
ID93949,1
ID93950,0
ID93951,1
ID93952,1
ID93953,1
ID93954,1
ID93955,1
ID93956,1
ID93957,1
ID93958,1
ID93959,1
ID93960,1
ID93961,1
ID93962,1
ID93963,1
ID93964,1
ID93965,1
ID93966,0
ID93967,0
ID93968,1
ID93969,1
ID93970,0
ID93971,0
ID93972,1
ID93973,0
ID93974,0
ID93975,1
ID93976,1
ID93977,1
ID93978,1
ID93979,0
ID93980,0
ID93981,1
ID93982,1
ID93983,0
ID93984,1
ID93985,1
ID93986,0
ID93987,1
ID93988,1
ID93989,0
ID93990,0
ID93991,1
ID93992,1
ID93993,1
ID93994,1
ID93995,0
ID93996,1
ID93997,0
ID93998,1
ID93999,1
ID94000,0
ID94001,1
ID94002,1
ID94003,0
ID94004,0
ID94005,1
ID94006,0
ID94007,0
ID94008,1
ID94009,0
ID94010,1
ID94011,0
ID94012,1
ID94013,1
ID94014,0
ID94015,0
ID94016,1
ID94017,1
ID94018,1
ID94019,0
ID94020,1
ID94021,1
ID94022,1
ID94023,1
ID94024,0
ID94025,0
ID94026,1
ID94027,0
ID94028,1
ID94029,0
ID94030,1
ID94031,1
ID94032,1
ID94033,1
ID94034,0
ID94035,1
ID94036,0
ID94037,1
ID94038,1
ID94039,1
ID94040,0
ID94041,1
ID94042,1
ID94043,1
ID94044,1
ID94045,1
ID94046,1
ID94047,0
ID94048,0
ID94049,1
ID94050,1
ID94051,1
ID94052,1
ID94053,0
ID94054,1
ID94055,0
ID94056,1
ID94057,0
ID94058,1
ID94059,1
ID94060,0
ID94061,0
ID94062,0
ID94063,1
ID94064,1
ID94065,0
ID94066,1
ID94067,1
ID94068,1
ID94069,0
ID94070,1
ID94071,0
ID94072,1
ID94073,1
ID94074,1
ID94075,1
ID94076,1
ID94077,0
ID94078,1
ID94079,1
ID94080,0
ID94081,1
ID94082,0
ID94083,1
ID94084,1
ID94085,1
ID94086,1
ID94087,0
ID94088,0
ID94089,1
ID94090,1
ID94091,1
ID94092,1
ID94093,1
ID94094,1
ID94095,1
ID94096,0
ID94097,0
ID94098,1
ID94099,0
ID94100,1
ID94101,1
ID94102,1
ID94103,1
ID94104,1
ID94105,1
ID94106,1
ID94107,1
ID94108,1
ID94109,0
ID94110,1
ID94111,1
ID94112,1
ID94113,1
ID94114,0
ID94115,0
ID94116,1
ID94117,1
ID94118,0
ID94119,0
ID94120,1
ID94121,1
ID94122,1
ID94123,0
ID94124,0
ID94125,1
ID94126,1
ID94127,0
ID94128,1
ID94129,1
ID94130,1
ID94131,1
ID94132,1
ID94133,1
ID94134,0
ID94135,0
ID94136,1
ID94137,1
ID94138,0
ID94139,1
ID94140,1
ID94141,0
ID94142,1
ID94143,1
ID94144,0
ID94145,1
ID94146,1
ID94147,1
ID94148,0
ID94149,0
ID94150,1
ID94151,1
ID94152,1
ID94153,0
ID94154,1
ID94155,1
ID94156,1
ID94157,0
ID94158,1
ID94159,1
ID94160,0
ID94161,1
ID94162,0
ID94163,0
ID94164,1
ID94165,0
ID94166,0
ID94167,1
ID94168,1
ID94169,1
ID94170,1
ID94171,1
ID94172,1
ID94173,0
ID94174,1
ID94175,1
ID94176,1
ID94177,1
ID94178,1
ID94179,1
ID94180,1
ID94181,0
ID94182,1
ID94183,1
ID94184,0
ID94185,0
ID94186,1
ID94187,1
ID94188,0
ID94189,0
ID94190,0
ID94191,1
ID94192,1
ID94193,1
ID94194,0
ID94195,0
ID94196,0
ID94197,1
ID94198,0
ID94199,0
ID94200,1
ID94201,1
ID94202,1
ID94203,1
ID94204,1
ID94205,1
ID94206,1
ID94207,1
ID94208,0
ID94209,1
ID94210,1
ID94211,1
ID94212,1
ID94213,0
ID94214,0
ID94215,1
ID94216,1
ID94217,1
ID94218,0
ID94219,0
ID94220,1
ID94221,1
ID94222,1
ID94223,1
ID94224,1
ID94225,1
ID94226,1
ID94227,1
ID94228,1
ID94229,1
ID94230,0
ID94231,0
ID94232,0
ID94233,0
ID94234,1
ID94235,1
ID94236,0
ID94237,1
ID94238,1
ID94239,1
ID94240,1
ID94241,1
ID94242,1
ID94243,1
ID94244,1
ID94245,1
ID94246,0
ID94247,0
ID94248,1
ID94249,0
ID94250,0
ID94251,0
ID94252,1
ID94253,1
ID94254,1
ID94255,1
ID94256,1
ID94257,1
ID94258,0
ID94259,0
ID94260,0
ID94261,1
ID94262,1
ID94263,1
ID94264,1
ID94265,0
ID94266,0
ID94267,1
ID94268,1
ID94269,1
ID94270,1
ID94271,1
ID94272,0
ID94273,1
ID94274,0
ID94275,1
ID94276,0
ID94277,1
ID94278,1
ID94279,0
ID94280,1
ID94281,1
ID94282,0
ID94283,0
ID94284,0
ID94285,1
ID94286,1
ID94287,1
ID94288,1
ID94289,1
ID94290,0
ID94291,1
ID94292,1
ID94293,0
ID94294,0
ID94295,1
ID94296,1
ID94297,1
ID94298,1
ID94299,0
ID94300,0
ID94301,1
ID94302,1
ID94303,1
ID94304,0
ID94305,1
ID94306,1
ID94307,1
ID94308,1
ID94309,1
ID94310,1
ID94311,1
ID94312,0
ID94313,1
ID94314,0
ID94315,1
ID94316,0
ID94317,1
ID94318,0
ID94319,0
ID94320,0
ID94321,1
ID94322,1
ID94323,1
ID94324,0
ID94325,1
ID94326,1
ID94327,0
ID94328,1
ID94329,0
ID94330,1
ID94331,1
ID94332,1
ID94333,1
ID94334,1
ID94335,0
ID94336,1
ID94337,1
ID94338,1
ID94339,1
ID94340,0
ID94341,0
ID94342,1
ID94343,1
ID94344,0
ID94345,1
ID94346,1
ID94347,0
ID94348,1
ID94349,1
ID94350,1
ID94351,1
ID94352,1
ID94353,0
ID94354,0
ID94355,1
ID94356,1
ID94357,0
ID94358,1
ID94359,1
ID94360,1
ID94361,0
ID94362,1
ID94363,1
ID94364,1
ID94365,1
ID94366,0
ID94367,1
ID94368,0
ID94369,0
ID94370,1
ID94371,1
ID94372,1
ID94373,0
ID94374,1
ID94375,0
ID94376,1
ID94377,1
ID94378,1
ID94379,1
ID94380,1
ID94381,0
ID94382,1
ID94383,0
ID94384,0
ID94385,1
ID94386,1
ID94387,1
ID94388,1
ID94389,1
ID94390,0
ID94391,1
ID94392,0
ID94393,1
ID94394,0
ID94395,1
ID94396,1
ID94397,0
ID94398,1
ID94399,1
ID94400,1
ID94401,0
ID94402,1
ID94403,1
ID94404,1
ID94405,1
ID94406,1
ID94407,1
ID94408,1
ID94409,1
ID94410,0
ID94411,1
ID94412,1
ID94413,1
ID94414,1
ID94415,1
ID94416,1
ID94417,1
ID94418,0
ID94419,1
ID94420,1
ID94421,1
ID94422,0
ID94423,1
ID94424,1
ID94425,1
ID94426,0
ID94427,0
ID94428,1
ID94429,1
ID94430,1
ID94431,1
ID94432,1
ID94433,1
ID94434,1
ID94435,1
ID94436,1
ID94437,1
ID94438,0
ID94439,0
ID94440,1
ID94441,1
ID94442,1
ID94443,1
ID94444,0
ID94445,0
ID94446,1
ID94447,1
ID94448,1
ID94449,1
ID94450,0
ID94451,1
ID94452,1
ID94453,1
ID94454,1
ID94455,1
ID94456,0
ID94457,1
ID94458,0
ID94459,1
ID94460,1
ID94461,1
ID94462,0
ID94463,1
ID94464,0
ID94465,0
ID94466,1
ID94467,0
ID94468,1
ID94469,1
ID94470,0
ID94471,1
ID94472,0
ID94473,1
ID94474,1
ID94475,0
ID94476,1
ID94477,0
ID94478,1
ID94479,1
ID94480,0
ID94481,1
ID94482,1
ID94483,0
ID94484,1
ID94485,1
ID94486,1
ID94487,0
ID94488,1
ID94489,1
ID94490,1
ID94491,1
ID94492,0
ID94493,1
ID94494,1
ID94495,1
ID94496,1
ID94497,1
ID94498,0
ID94499,1
ID94500,1
ID94501,0
ID94502,1
ID94503,1
ID94504,1
ID94505,1
ID94506,1
ID94507,0
ID94508,1
ID94509,1
ID94510,1
ID94511,1
ID94512,1
ID94513,1
ID94514,1
ID94515,0
ID94516,1
ID94517,1
ID94518,1
ID94519,0
ID94520,0
ID94521,0
ID94522,0
ID94523,1
ID94524,0
ID94525,0
ID94526,0
ID94527,1
ID94528,1
ID94529,0
ID94530,1
ID94531,1
ID94532,1
ID94533,1
ID94534,1
ID94535,1
ID94536,1
ID94537,1
ID94538,1
ID94539,0
ID94540,1
ID94541,0
ID94542,0
ID94543,1
ID94544,0
ID94545,0
ID94546,1
ID94547,0
ID94548,1
ID94549,0
ID94550,0
ID94551,1
ID94552,1
ID94553,1
ID94554,0
ID94555,1
ID94556,1
ID94557,1
ID94558,1
ID94559,1
ID94560,1
ID94561,1
ID94562,1
ID94563,1
ID94564,0
ID94565,0
ID94566,0
ID94567,1
ID94568,0
ID94569,0
ID94570,1
ID94571,1
ID94572,0
ID94573,1
ID94574,1
ID94575,1
ID94576,1
ID94577,0
ID94578,1
ID94579,0
ID94580,0
ID94581,1
ID94582,1
ID94583,1
ID94584,1
ID94585,1
ID94586,1
ID94587,1
ID94588,1
ID94589,1
ID94590,1
ID94591,1
ID94592,1
ID94593,0
ID94594,0
ID94595,1
ID94596,1
ID94597,1
ID94598,1
ID94599,1
ID94600,1
ID94601,1
ID94602,1
ID94603,1
ID94604,1
ID94605,1
ID94606,1
ID94607,1
ID94608,0
ID94609,1
ID94610,0
ID94611,1
ID94612,1
ID94613,1
ID94614,1
ID94615,1
ID94616,1
ID94617,1
ID94618,1
ID94619,0
ID94620,0
ID94621,1
ID94622,1
ID94623,0
ID94624,0
ID94625,1
ID94626,1
ID94627,1
ID94628,1
ID94629,1
ID94630,1
ID94631,1
ID94632,0
ID94633,1
ID94634,1
ID94635,1
ID94636,1
ID94637,0
ID94638,1
ID94639,1
ID94640,1
ID94641,1
ID94642,1
ID94643,1
ID94644,1
ID94645,1
ID94646,0
ID94647,0
ID94648,1
ID94649,1
ID94650,0
ID94651,0
ID94652,1
ID94653,1
ID94654,1
ID94655,0
ID94656,0
ID94657,1
ID94658,1
ID94659,1
ID94660,1
ID94661,1
ID94662,1
ID94663,0
ID94664,0
ID94665,1
ID94666,1
ID94667,0
ID94668,1
ID94669,1
ID94670,1
ID94671,1
ID94672,1
ID94673,0
ID94674,1
ID94675,1
ID94676,0
ID94677,1
ID94678,0
ID94679,1
ID94680,1
ID94681,0
ID94682,1
ID94683,1
ID94684,0
ID94685,0
ID94686,0
ID94687,1
ID94688,1
ID94689,1
ID94690,1
ID94691,1
ID94692,0
ID94693,1
ID94694,1
ID94695,1
ID94696,1
ID94697,1
ID94698,0
ID94699,1
ID94700,1
ID94701,0
ID94702,0
ID94703,0
ID94704,1
ID94705,1
ID94706,1
ID94707,1
ID94708,1
ID94709,0
ID94710,0
ID94711,1
ID94712,0
ID94713,1
ID94714,1
ID94715,1
ID94716,0
ID94717,1
ID94718,0
ID94719,1
ID94720,1
ID94721,1
ID94722,1
ID94723,0
ID94724,1
ID94725,1
ID94726,1
ID94727,1
ID94728,1
ID94729,1
ID94730,0
ID94731,1
ID94732,1
ID94733,0
ID94734,0
ID94735,1
ID94736,0
ID94737,0
ID94738,1
ID94739,1
ID94740,1
ID94741,1
ID94742,1
ID94743,1
ID94744,1
ID94745,1
ID94746,1
ID94747,1
ID94748,1
ID94749,0
ID94750,1
ID94751,1
ID94752,1
ID94753,1
ID94754,1
ID94755,1
ID94756,0
ID94757,0
ID94758,0
ID94759,0
ID94760,1
ID94761,1
ID94762,1
ID94763,0
ID94764,0
ID94765,1
ID94766,1
ID94767,1
ID94768,0
ID94769,1
ID94770,1
ID94771,0
ID94772,1
ID94773,1
ID94774,0
ID94775,1
ID94776,0
ID94777,0
ID94778,0
ID94779,1
ID94780,1
ID94781,0
ID94782,1
ID94783,1
ID94784,1
ID94785,1
ID94786,1
ID94787,0
ID94788,0
ID94789,1
ID94790,1
ID94791,0
ID94792,1
ID94793,0
ID94794,1
ID94795,1
ID94796,1
ID94797,1
ID94798,1
ID94799,0
ID94800,1
ID94801,0
ID94802,0
ID94803,0
ID94804,1
ID94805,0
ID94806,1
ID94807,0
ID94808,1
ID94809,0
ID94810,1
ID94811,1
ID94812,1
ID94813,1
ID94814,1
ID94815,1
ID94816,1
ID94817,1
ID94818,1
ID94819,1
ID94820,0
ID94821,1
ID94822,1
ID94823,1
ID94824,0
ID94825,0
ID94826,1
ID94827,0
ID94828,1
ID94829,0
ID94830,0
ID94831,0
ID94832,1
ID94833,1
ID94834,1
ID94835,1
ID94836,0
ID94837,0
ID94838,0
ID94839,1
ID94840,1
ID94841,0
ID94842,1
ID94843,0
ID94844,1
ID94845,1
ID94846,1
ID94847,1
ID94848,1
ID94849,1
ID94850,0
ID94851,1
ID94852,1
ID94853,1
ID94854,1
ID94855,1
ID94856,1
ID94857,1
ID94858,0
ID94859,1
ID94860,1
ID94861,0
ID94862,0
ID94863,1
ID94864,1
ID94865,0
ID94866,1
ID94867,1
ID94868,0
ID94869,1
ID94870,0
ID94871,0
ID94872,1
ID94873,1
ID94874,0
ID94875,1
ID94876,0
ID94877,0
ID94878,1
ID94879,0
ID94880,1
ID94881,1
ID94882,1
ID94883,1
ID94884,0
ID94885,0
ID94886,1
ID94887,1
ID94888,1
ID94889,1
ID94890,1
ID94891,1
ID94892,1
ID94893,1
ID94894,1
ID94895,1
ID94896,0
ID94897,1
ID94898,1
ID94899,0
ID94900,1
ID94901,1
ID94902,0
ID94903,1
ID94904,1
ID94905,1
ID94906,1
ID94907,0
ID94908,0
ID94909,0
ID94910,1
ID94911,1
ID94912,1
ID94913,1
ID94914,0
ID94915,0
ID94916,1
ID94917,1
ID94918,0
ID94919,1
ID94920,0
ID94921,0
ID94922,1
ID94923,0
ID94924,0
ID94925,0
ID94926,0
ID94927,1
ID94928,1
ID94929,0
ID94930,1
ID94931,1
ID94932,1
ID94933,1
ID94934,0
ID94935,0
ID94936,1
ID94937,1
ID94938,1
ID94939,0
ID94940,1
ID94941,1
ID94942,1
ID94943,1
ID94944,1
ID94945,1
ID94946,1
ID94947,1
ID94948,1
ID94949,1
ID94950,1
ID94951,1
ID94952,1
ID94953,1
ID94954,0
ID94955,1
ID94956,1
ID94957,1
ID94958,1
ID94959,1
ID94960,0
ID94961,1
ID94962,0
ID94963,1
ID94964,1
ID94965,1
ID94966,0
ID94967,1
ID94968,1
ID94969,0
ID94970,0
ID94971,1
ID94972,1
ID94973,1
ID94974,1
ID94975,1
ID94976,1
ID94977,1
ID94978,1
ID94979,1
ID94980,1
ID94981,0
ID94982,1
ID94983,1
ID94984,0
ID94985,0
ID94986,0
ID94987,1
ID94988,1
ID94989,1
ID94990,1
ID94991,1
ID94992,0
ID94993,0
ID94994,1
ID94995,0
ID94996,1
ID94997,0
ID94998,1
ID94999,0
ID95000,0
ID95001,0
ID95002,0
ID95003,1
ID95004,1
ID95005,1
ID95006,1
ID95007,0
ID95008,1
ID95009,1
ID95010,0
ID95011,1
ID95012,0
ID95013,0
ID95014,0
ID95015,1
ID95016,1
ID95017,0
ID95018,1
ID95019,0
ID95020,1
ID95021,1
ID95022,1
ID95023,1
ID95024,1
ID95025,0
ID95026,1
ID95027,0
ID95028,0
ID95029,1
ID95030,0
ID95031,1
ID95032,1
ID95033,1
ID95034,1
ID95035,1
ID95036,0
ID95037,1
ID95038,0
ID95039,1
ID95040,1
ID95041,1
ID95042,1
ID95043,1
ID95044,1
ID95045,1
ID95046,0
ID95047,0
ID95048,1
ID95049,0
ID95050,0
ID95051,0
ID95052,1
ID95053,1
ID95054,0
ID95055,1
ID95056,0
ID95057,1
ID95058,1
ID95059,0
ID95060,1
ID95061,1
ID95062,1
ID95063,1
ID95064,0
ID95065,1
ID95066,1
ID95067,0
ID95068,1
ID95069,1
ID95070,0
ID95071,1
ID95072,0
ID95073,0
ID95074,0
ID95075,1
ID95076,1
ID95077,1
ID95078,1
ID95079,1
ID95080,1
ID95081,1
ID95082,0
ID95083,0
ID95084,1
ID95085,1
ID95086,1
ID95087,0
ID95088,0
ID95089,1
ID95090,0
ID95091,1
ID95092,1
ID95093,1
ID95094,0
ID95095,1
ID95096,0
ID95097,1
ID95098,1
ID95099,1
ID95100,1
ID95101,1
ID95102,1
ID95103,1
ID95104,1
ID95105,1
ID95106,1
ID95107,1
ID95108,1
ID95109,1
ID95110,1
ID95111,0
ID95112,0
ID95113,1
ID95114,1
ID95115,1
ID95116,1
ID95117,1
ID95118,0
ID95119,1
ID95120,0
ID95121,1
ID95122,1
ID95123,1
ID95124,1
ID95125,0
ID95126,1
ID95127,1
ID95128,0
ID95129,1
ID95130,0
ID95131,1
ID95132,0
ID95133,1
ID95134,0
ID95135,1
ID95136,1
ID95137,0
ID95138,1
ID95139,1
ID95140,0
ID95141,1
ID95142,0
ID95143,0
ID95144,1
ID95145,1
ID95146,0
ID95147,0
ID95148,0
ID95149,1
ID95150,0
ID95151,1
ID95152,1
ID95153,1
ID95154,1
ID95155,0
ID95156,0
ID95157,1
ID95158,1
ID95159,0
ID95160,1
ID95161,1
ID95162,1
ID95163,1
ID95164,1
ID95165,1
ID95166,1
ID95167,1
ID95168,1
ID95169,1
ID95170,1
ID95171,0
ID95172,1
ID95173,1
ID95174,1
ID95175,0
ID95176,1
ID95177,0
ID95178,0
ID95179,1
ID95180,1
ID95181,1
ID95182,1
ID95183,0
ID95184,1
ID95185,1
ID95186,0
ID95187,0
ID95188,1
ID95189,0
ID95190,0
ID95191,1
ID95192,1
ID95193,0
ID95194,0
ID95195,1
ID95196,1
ID95197,0
ID95198,1
ID95199,0
ID95200,1
ID95201,1
ID95202,1
ID95203,0
ID95204,1
ID95205,1
ID95206,0
ID95207,0
ID95208,1
ID95209,1
ID95210,1
ID95211,1
ID95212,1
ID95213,0
ID95214,0
ID95215,1
ID95216,0
ID95217,1
ID95218,0
ID95219,1
ID95220,1
ID95221,0
ID95222,1
ID95223,0
ID95224,0
ID95225,1
ID95226,1
ID95227,1
ID95228,0
ID95229,1
ID95230,1
ID95231,1
ID95232,0
ID95233,1
ID95234,1
ID95235,1
ID95236,1
ID95237,1
ID95238,1
ID95239,1
ID95240,1
ID95241,1
ID95242,1
ID95243,1
ID95244,1
ID95245,1
ID95246,1
ID95247,1
ID95248,0
ID95249,1
ID95250,0
ID95251,1
ID95252,1
ID95253,1
ID95254,1
ID95255,1
ID95256,1
ID95257,1
ID95258,1
ID95259,1
ID95260,1
ID95261,0
ID95262,0
ID95263,0
ID95264,1
ID95265,1
ID95266,1
ID95267,1
ID95268,0
ID95269,1
ID95270,1
ID95271,0
ID95272,1
ID95273,1
ID95274,0
ID95275,1
ID95276,0
ID95277,1
ID95278,0
ID95279,1
ID95280,0
ID95281,1
ID95282,1
ID95283,1
ID95284,0
ID95285,1
ID95286,0
ID95287,1
ID95288,0
ID95289,1
ID95290,1
ID95291,1
ID95292,0
ID95293,0
ID95294,0
ID95295,1
ID95296,1
ID95297,1
ID95298,1
ID95299,1
ID95300,1
ID95301,1
ID95302,1
ID95303,1
ID95304,1
ID95305,1
ID95306,1
ID95307,1
ID95308,1
ID95309,1
ID95310,0
ID95311,0
ID95312,1
ID95313,1
ID95314,1
ID95315,1
ID95316,0
ID95317,1
ID95318,1
ID95319,1
ID95320,1
ID95321,1
ID95322,1
ID95323,1
ID95324,0
ID95325,0
ID95326,1
ID95327,1
ID95328,1
ID95329,1
ID95330,0
ID95331,1
ID95332,1
ID95333,1
ID95334,0
ID95335,1
ID95336,0
ID95337,1
ID95338,0
ID95339,1
ID95340,1
ID95341,0
ID95342,1
ID95343,0
ID95344,1
ID95345,0
ID95346,0
ID95347,0
ID95348,1
ID95349,1
ID95350,1
ID95351,1
ID95352,1
ID95353,1
ID95354,1
ID95355,0
ID95356,1
ID95357,1
ID95358,0
ID95359,1
ID95360,1
ID95361,1
ID95362,1
ID95363,1
ID95364,1
ID95365,1
ID95366,1
ID95367,0
ID95368,1
ID95369,0
ID95370,1
ID95371,1
ID95372,0
ID95373,1
ID95374,1
ID95375,0
ID95376,0
ID95377,1
ID95378,0
ID95379,0
ID95380,1
ID95381,0
ID95382,0
ID95383,0
ID95384,1
ID95385,1
ID95386,0
ID95387,1
ID95388,1
ID95389,0
ID95390,1
ID95391,0
ID95392,1
ID95393,0
ID95394,1
ID95395,1
ID95396,1
ID95397,0
ID95398,1
ID95399,1
ID95400,0
ID95401,0
ID95402,1
ID95403,0
ID95404,0
ID95405,0
ID95406,1
ID95407,1
ID95408,1
ID95409,0
ID95410,1
ID95411,1
ID95412,1
ID95413,1
ID95414,1
ID95415,0
ID95416,1
ID95417,1
ID95418,0
ID95419,0
ID95420,1
ID95421,1
ID95422,0
ID95423,0
ID95424,0
ID95425,0
ID95426,1
ID95427,1
ID95428,0
ID95429,1
ID95430,0
ID95431,0
ID95432,1
ID95433,1
ID95434,1
ID95435,0
ID95436,1
ID95437,1
ID95438,1
ID95439,1
ID95440,0
ID95441,1
ID95442,0
ID95443,0
ID95444,1
ID95445,1
ID95446,0
ID95447,1
ID95448,1
ID95449,1
ID95450,1
ID95451,1
ID95452,1
ID95453,1
ID95454,1
ID95455,1
ID95456,1
ID95457,1
ID95458,1
ID95459,0
ID95460,1
ID95461,0
ID95462,1
ID95463,1
ID95464,1
ID95465,1
ID95466,0
ID95467,0
ID95468,0
ID95469,1
ID95470,1
ID95471,1
ID95472,1
ID95473,1
ID95474,0
ID95475,1
ID95476,1
ID95477,1
ID95478,0
ID95479,0
ID95480,0
ID95481,1
ID95482,0
ID95483,1
ID95484,0
ID95485,1
ID95486,1
ID95487,1
ID95488,1
ID95489,0
ID95490,1
ID95491,1
ID95492,1
ID95493,0
ID95494,1
ID95495,0
ID95496,1
ID95497,0
ID95498,1
ID95499,0
ID95500,1
ID95501,0
ID95502,0
ID95503,0
ID95504,0
ID95505,1
ID95506,0
ID95507,0
ID95508,0
ID95509,1
ID95510,0
ID95511,0
ID95512,1
ID95513,0
ID95514,0
ID95515,1
ID95516,1
ID95517,1
ID95518,1
ID95519,1
ID95520,1
ID95521,1
ID95522,1
ID95523,1
ID95524,0
ID95525,0
ID95526,1
ID95527,1
ID95528,0
ID95529,0
ID95530,0
ID95531,0
ID95532,1
ID95533,1
ID95534,1
ID95535,0
ID95536,1
ID95537,0
ID95538,0
ID95539,0
ID95540,0
ID95541,0
ID95542,1
ID95543,1
ID95544,1
ID95545,1
ID95546,0
ID95547,0
ID95548,0
ID95549,1
ID95550,1
ID95551,0
ID95552,1
ID95553,0
ID95554,0
ID95555,1
ID95556,1
ID95557,1
ID95558,0
ID95559,1
ID95560,1
ID95561,0
ID95562,1
ID95563,1
ID95564,1
ID95565,1
ID95566,0
ID95567,0
ID95568,0
ID95569,1
ID95570,1
ID95571,0
ID95572,0
ID95573,1
ID95574,0
ID95575,1
ID95576,1
ID95577,1
ID95578,1
ID95579,1
ID95580,1
ID95581,0
ID95582,0
ID95583,0
ID95584,1
ID95585,1
ID95586,0
ID95587,1
ID95588,1
ID95589,1
ID95590,1
ID95591,1
ID95592,1
ID95593,1
ID95594,1
ID95595,1
ID95596,1
ID95597,1
ID95598,1
ID95599,1
ID95600,1
ID95601,1
ID95602,1
ID95603,0
ID95604,0
ID95605,1
ID95606,0
ID95607,0
ID95608,1
ID95609,1
ID95610,1
ID95611,0
ID95612,1
ID95613,0
ID95614,0
ID95615,1
ID95616,0
ID95617,1
ID95618,1
ID95619,1
ID95620,1
ID95621,1
ID95622,0
ID95623,1
ID95624,0
ID95625,0
ID95626,1
ID95627,1
ID95628,0
ID95629,1
ID95630,0
ID95631,0
ID95632,1
ID95633,1
ID95634,1
ID95635,1
ID95636,1
ID95637,0
ID95638,0
ID95639,1
ID95640,0
ID95641,0
ID95642,1
ID95643,0
ID95644,1
ID95645,1
ID95646,1
ID95647,1
ID95648,0
ID95649,1
ID95650,0
ID95651,1
ID95652,0
ID95653,1
ID95654,1
ID95655,0
ID95656,1
ID95657,1
ID95658,0
ID95659,1
ID95660,0
ID95661,0
ID95662,1
ID95663,0
ID95664,1
ID95665,1
ID95666,1
ID95667,1
ID95668,1
ID95669,1
ID95670,1
ID95671,1
ID95672,1
ID95673,0
ID95674,0
ID95675,1
ID95676,1
ID95677,0
ID95678,1
ID95679,1
ID95680,1
ID95681,0
ID95682,1
ID95683,1
ID95684,0
ID95685,1
ID95686,1
ID95687,0
ID95688,0
ID95689,1
ID95690,1
ID95691,1
ID95692,1
ID95693,1
ID95694,1
ID95695,1
ID95696,1
ID95697,0
ID95698,0
ID95699,0
ID95700,1
ID95701,0
ID95702,1
ID95703,1
ID95704,1
ID95705,1
ID95706,0
ID95707,1
ID95708,0
ID95709,0
ID95710,1
ID95711,1
ID95712,0
ID95713,1
ID95714,1
ID95715,1
ID95716,1
ID95717,0
ID95718,0
ID95719,1
ID95720,1
ID95721,1
ID95722,0
ID95723,1
ID95724,0
ID95725,1
ID95726,1
ID95727,1
ID95728,1
ID95729,1
ID95730,1
ID95731,0
ID95732,1
ID95733,1
ID95734,1
ID95735,1
ID95736,1
ID95737,1
ID95738,1
ID95739,1
ID95740,1
ID95741,1
ID95742,1
ID95743,0
ID95744,0
ID95745,0
ID95746,0
ID95747,1
ID95748,0
ID95749,0
ID95750,0
ID95751,1
ID95752,1
ID95753,1
ID95754,1
ID95755,1
ID95756,1
ID95757,0
ID95758,1
ID95759,1
ID95760,1
ID95761,0
ID95762,1
ID95763,0
ID95764,1
ID95765,0
ID95766,1
ID95767,1
ID95768,1
ID95769,1
ID95770,1
ID95771,0
ID95772,1
ID95773,1
ID95774,1
ID95775,1
ID95776,1
ID95777,1
ID95778,0
ID95779,1
ID95780,0
ID95781,1
ID95782,1
ID95783,1
ID95784,1
ID95785,0
ID95786,1
ID95787,1
ID95788,1
ID95789,1
ID95790,1
ID95791,1
ID95792,1
ID95793,1
ID95794,1
ID95795,1
ID95796,0
ID95797,0
ID95798,1
ID95799,0
ID95800,1
ID95801,0
ID95802,1
ID95803,1
ID95804,0
ID95805,1
ID95806,0
ID95807,1
ID95808,1
ID95809,0
ID95810,0
ID95811,1
ID95812,1
ID95813,0
ID95814,1
ID95815,1
ID95816,1
ID95817,1
ID95818,1
ID95819,1
ID95820,1
ID95821,0
ID95822,1
ID95823,0
ID95824,0
ID95825,1
ID95826,0
ID95827,1
ID95828,0
ID95829,0
ID95830,0
ID95831,0
ID95832,0
ID95833,0
ID95834,1
ID95835,1
ID95836,0
ID95837,1
ID95838,1
ID95839,1
ID95840,0
ID95841,1
ID95842,0
ID95843,1
ID95844,1
ID95845,0
ID95846,1
ID95847,1
ID95848,1
ID95849,0
ID95850,1
ID95851,1
ID95852,1
ID95853,1
ID95854,1
ID95855,1
ID95856,1
ID95857,0
ID95858,1
ID95859,1
ID95860,1
ID95861,1
ID95862,0
ID95863,1
ID95864,1
ID95865,0
ID95866,0
ID95867,0
ID95868,1
ID95869,1
ID95870,1
ID95871,1
ID95872,1
ID95873,1
ID95874,1
ID95875,1
ID95876,1
ID95877,1
ID95878,0
ID95879,1
ID95880,1
ID95881,1
ID95882,0
ID95883,1
ID95884,0
ID95885,1
ID95886,0
ID95887,1
ID95888,1
ID95889,1
ID95890,1
ID95891,1
ID95892,1
ID95893,1
ID95894,1
ID95895,1
ID95896,1
ID95897,1
ID95898,1
ID95899,1
ID95900,1
ID95901,1
ID95902,0
ID95903,1
ID95904,0
ID95905,0
ID95906,1
ID95907,1
ID95908,1
ID95909,0
ID95910,1
ID95911,0
ID95912,1
ID95913,1
ID95914,1
ID95915,0
ID95916,1
ID95917,0
ID95918,0
ID95919,1
ID95920,1
ID95921,0
ID95922,0
ID95923,1
ID95924,1
ID95925,1
ID95926,1
ID95927,1
ID95928,0
ID95929,0
ID95930,1
ID95931,0
ID95932,1
ID95933,1
ID95934,0
ID95935,1
ID95936,1
ID95937,0
ID95938,1
ID95939,1
ID95940,1
ID95941,1
ID95942,1
ID95943,1
ID95944,1
ID95945,1
ID95946,0
ID95947,0
ID95948,1
ID95949,1
ID95950,0
ID95951,0
ID95952,0
ID95953,0
ID95954,0
ID95955,0
ID95956,1
ID95957,0
ID95958,1
ID95959,0
ID95960,0
ID95961,1
ID95962,1
ID95963,1
ID95964,1
ID95965,1
ID95966,1
ID95967,0
ID95968,1
ID95969,0
ID95970,1
ID95971,0
ID95972,1
ID95973,1
ID95974,1
ID95975,0
ID95976,0
ID95977,1
ID95978,1
ID95979,1
ID95980,1
ID95981,0
ID95982,1
ID95983,1
ID95984,0
ID95985,1
ID95986,1
ID95987,1
ID95988,0
ID95989,0
ID95990,1
ID95991,0
ID95992,0
ID95993,1
ID95994,0
ID95995,1
ID95996,1
ID95997,1
ID95998,1
ID95999,0
ID96000,0
ID96001,1
ID96002,0
ID96003,1
ID96004,1
ID96005,0
ID96006,0
ID96007,1
ID96008,1
ID96009,0
ID96010,1
ID96011,1
ID96012,1
ID96013,1
ID96014,1
ID96015,0
ID96016,1
ID96017,1
ID96018,0
ID96019,1
ID96020,1
ID96021,1
ID96022,0
ID96023,1
ID96024,1
ID96025,1
ID96026,1
ID96027,1
ID96028,1
ID96029,1
ID96030,1
ID96031,1
ID96032,1
ID96033,1
ID96034,0
ID96035,1
ID96036,0
ID96037,1
ID96038,1
ID96039,1
ID96040,0
ID96041,1
ID96042,0
ID96043,1
ID96044,0
ID96045,0
ID96046,1
ID96047,0
ID96048,1
ID96049,1
ID96050,1
ID96051,0
ID96052,1
ID96053,0
ID96054,1
ID96055,1
ID96056,0
ID96057,0
ID96058,1
ID96059,1
ID96060,1
ID96061,1
ID96062,1
ID96063,0
ID96064,1
ID96065,0
ID96066,1
ID96067,1
ID96068,0
ID96069,0
ID96070,1
ID96071,1
ID96072,1
ID96073,1
ID96074,1
ID96075,1
ID96076,1
ID96077,0
ID96078,1
ID96079,1
ID96080,1
ID96081,1
ID96082,1
ID96083,0
ID96084,0
ID96085,0
ID96086,0
ID96087,1
ID96088,1
ID96089,1
ID96090,0
ID96091,1
ID96092,1
ID96093,1
ID96094,1
ID96095,0
ID96096,0
ID96097,1
ID96098,1
ID96099,1
ID96100,0
ID96101,0
ID96102,0
ID96103,1
ID96104,0
ID96105,1
ID96106,1
ID96107,0
ID96108,1
ID96109,1
ID96110,1
ID96111,0
ID96112,1
ID96113,1
ID96114,1
ID96115,1
ID96116,1
ID96117,1
ID96118,1
ID96119,1
ID96120,1
ID96121,1
ID96122,0
ID96123,0
ID96124,0
ID96125,1
ID96126,1
ID96127,1
ID96128,0
ID96129,1
ID96130,0
ID96131,1
ID96132,1
ID96133,1
ID96134,1
ID96135,0
ID96136,1
ID96137,0
ID96138,1
ID96139,1
ID96140,1
ID96141,1
ID96142,1
ID96143,0
ID96144,1
ID96145,1
ID96146,1
ID96147,0
ID96148,1
ID96149,1
ID96150,0
ID96151,1
ID96152,1
ID96153,0
ID96154,0
ID96155,1
ID96156,1
ID96157,1
ID96158,0
ID96159,1
ID96160,0
ID96161,1
ID96162,1
ID96163,1
ID96164,1
ID96165,0
ID96166,1
ID96167,1
ID96168,1
ID96169,1
ID96170,1
ID96171,1
ID96172,1
ID96173,1
ID96174,1
ID96175,1
ID96176,1
ID96177,1
ID96178,0
ID96179,0
ID96180,1
ID96181,1
ID96182,1
ID96183,0
ID96184,1
ID96185,1
ID96186,1
ID96187,1
ID96188,1
ID96189,0
ID96190,0
ID96191,1
ID96192,1
ID96193,0
ID96194,1
ID96195,1
ID96196,1
ID96197,1
ID96198,0
ID96199,0
ID96200,1
ID96201,0
ID96202,1
ID96203,0
ID96204,1
ID96205,0
ID96206,0
ID96207,0
ID96208,1
ID96209,0
ID96210,1
ID96211,1
ID96212,1
ID96213,0
ID96214,0
ID96215,1
ID96216,1
ID96217,1
ID96218,0
ID96219,1
ID96220,1
ID96221,0
ID96222,1
ID96223,0
ID96224,0
ID96225,1
ID96226,0
ID96227,1
ID96228,1
ID96229,0
ID96230,0
ID96231,1
ID96232,1
ID96233,1
ID96234,1
ID96235,1
ID96236,1
ID96237,0
ID96238,1
ID96239,0
ID96240,1
ID96241,1
ID96242,1
ID96243,1
ID96244,0
ID96245,1
ID96246,1
ID96247,0
ID96248,1
ID96249,1
ID96250,1
ID96251,1
ID96252,1
ID96253,1
ID96254,1
ID96255,0
ID96256,1
ID96257,0
ID96258,0
ID96259,0
ID96260,1
ID96261,0
ID96262,1
ID96263,1
ID96264,1
ID96265,0
ID96266,0
ID96267,0
ID96268,1
ID96269,1
ID96270,0
ID96271,0
ID96272,1
ID96273,1
ID96274,1
ID96275,0
ID96276,1
ID96277,1
ID96278,0
ID96279,1
ID96280,0
ID96281,0
ID96282,0
ID96283,1
ID96284,1
ID96285,0
ID96286,0
ID96287,1
ID96288,1
ID96289,1
ID96290,1
ID96291,1
ID96292,1
ID96293,1
ID96294,0
ID96295,1
ID96296,0
ID96297,1
ID96298,0
ID96299,1
ID96300,1
ID96301,0
ID96302,1
ID96303,0
ID96304,0
ID96305,1
ID96306,0
ID96307,1
ID96308,0
ID96309,0
ID96310,1
ID96311,1
ID96312,1
ID96313,0
ID96314,0
ID96315,1
ID96316,1
ID96317,1
ID96318,0
ID96319,0
ID96320,0
ID96321,1
ID96322,0
ID96323,1
ID96324,0
ID96325,0
ID96326,1
ID96327,1
ID96328,1
ID96329,0
ID96330,0
ID96331,1
ID96332,0
ID96333,1
ID96334,0
ID96335,1
ID96336,1
ID96337,0
ID96338,0
ID96339,0
ID96340,1
ID96341,1
ID96342,0
ID96343,1
ID96344,1
ID96345,1
ID96346,1
ID96347,0
ID96348,0
ID96349,1
ID96350,1
ID96351,1
ID96352,1
ID96353,1
ID96354,1
ID96355,1
ID96356,0
ID96357,0
ID96358,0
ID96359,1
ID96360,0
ID96361,1
ID96362,1
ID96363,1
ID96364,0
ID96365,0
ID96366,1
ID96367,0
ID96368,1
ID96369,0
ID96370,1
ID96371,1
ID96372,0
ID96373,0
ID96374,0
ID96375,0
ID96376,0
ID96377,1
ID96378,1
ID96379,1
ID96380,1
ID96381,1
ID96382,0
ID96383,1
ID96384,1
ID96385,0
ID96386,1
ID96387,0
ID96388,0
ID96389,1
ID96390,1
ID96391,1
ID96392,1
ID96393,1
ID96394,1
ID96395,0
ID96396,1
ID96397,1
ID96398,1
ID96399,1
ID96400,1
ID96401,0
ID96402,1
ID96403,1
ID96404,1
ID96405,1
ID96406,1
ID96407,1
ID96408,1
ID96409,1
ID96410,1
ID96411,1
ID96412,0
ID96413,1
ID96414,0
ID96415,0
ID96416,1
ID96417,1
ID96418,0
ID96419,1
ID96420,1
ID96421,0
ID96422,0
ID96423,1
ID96424,1
ID96425,1
ID96426,1
ID96427,1
ID96428,1
ID96429,1
ID96430,1
ID96431,0
ID96432,0
ID96433,0
ID96434,1
ID96435,1
ID96436,1
ID96437,1
ID96438,1
ID96439,1
ID96440,1
ID96441,0
ID96442,1
ID96443,1
ID96444,0
ID96445,0
ID96446,0
ID96447,0
ID96448,0
ID96449,1
ID96450,1
ID96451,1
ID96452,1
ID96453,1
ID96454,1
ID96455,1
ID96456,1
ID96457,1
ID96458,1
ID96459,0
ID96460,0
ID96461,1
ID96462,1
ID96463,1
ID96464,0
ID96465,0
ID96466,1
ID96467,1
ID96468,0
ID96469,1
ID96470,0
ID96471,1
ID96472,1
ID96473,0
ID96474,0
ID96475,1
ID96476,1
ID96477,1
ID96478,0
ID96479,1
ID96480,1
ID96481,1
ID96482,1
ID96483,1
ID96484,1
ID96485,1
ID96486,0
ID96487,1
ID96488,0
ID96489,1
ID96490,1
ID96491,1
ID96492,1
ID96493,1
ID96494,1
ID96495,0
ID96496,0
ID96497,1
ID96498,0
ID96499,1
ID96500,0
ID96501,1
ID96502,1
ID96503,1
ID96504,0
ID96505,1
ID96506,1
ID96507,0
ID96508,0
ID96509,1
ID96510,0
ID96511,1
ID96512,0
ID96513,1
ID96514,0
ID96515,0
ID96516,1
ID96517,1
ID96518,1
ID96519,0
ID96520,1
ID96521,1
ID96522,0
ID96523,1
ID96524,1
ID96525,1
ID96526,1
ID96527,0
ID96528,1
ID96529,1
ID96530,0
ID96531,1
ID96532,1
ID96533,0
ID96534,1
ID96535,0
ID96536,0
ID96537,1
ID96538,0
ID96539,0
ID96540,1
ID96541,1
ID96542,0
ID96543,1
ID96544,0
ID96545,1
ID96546,1
ID96547,1
ID96548,1
ID96549,0
ID96550,0
ID96551,1
ID96552,1
ID96553,1
ID96554,0
ID96555,1
ID96556,0
ID96557,0
ID96558,1
ID96559,1
ID96560,1
ID96561,0
ID96562,0
ID96563,1
ID96564,1
ID96565,0
ID96566,0
ID96567,1
ID96568,1
ID96569,1
ID96570,1
ID96571,0
ID96572,1
ID96573,1
ID96574,1
ID96575,1
ID96576,1
ID96577,1
ID96578,1
ID96579,0
ID96580,1
ID96581,0
ID96582,0
ID96583,1
ID96584,1
ID96585,1
ID96586,0
ID96587,1
ID96588,1
ID96589,0
ID96590,1
ID96591,1
ID96592,1
ID96593,1
ID96594,0
ID96595,1
ID96596,1
ID96597,1
ID96598,0
ID96599,1
ID96600,1
ID96601,1
ID96602,1
ID96603,1
ID96604,0
ID96605,1
ID96606,0
ID96607,1
ID96608,0
ID96609,0
ID96610,1
ID96611,1
ID96612,0
ID96613,1
ID96614,0
ID96615,1
ID96616,1
ID96617,1
ID96618,1
ID96619,1
ID96620,1
ID96621,1
ID96622,1
ID96623,1
ID96624,1
ID96625,1
ID96626,1
ID96627,1
ID96628,1
ID96629,0
ID96630,1
ID96631,0
ID96632,1
ID96633,0
ID96634,1
ID96635,1
ID96636,0
ID96637,1
ID96638,0
ID96639,0
ID96640,0
ID96641,1
ID96642,1
ID96643,1
ID96644,1
ID96645,0
ID96646,0
ID96647,1
ID96648,1
ID96649,0
ID96650,0
ID96651,1
ID96652,0
ID96653,0
ID96654,0
ID96655,1
ID96656,1
ID96657,1
ID96658,1
ID96659,0
ID96660,1
ID96661,0
ID96662,0
ID96663,0
ID96664,0
ID96665,1
ID96666,0
ID96667,0
ID96668,1
ID96669,1
ID96670,1
ID96671,1
ID96672,1
ID96673,0
ID96674,0
ID96675,1
ID96676,1
ID96677,0
ID96678,1
ID96679,1
ID96680,1
ID96681,0
ID96682,0
ID96683,1
ID96684,1
ID96685,0
ID96686,1
ID96687,0
ID96688,1
ID96689,1
ID96690,1
ID96691,1
ID96692,1
ID96693,1
ID96694,0
ID96695,0
ID96696,1
ID96697,1
ID96698,0
ID96699,0
ID96700,0
ID96701,0
ID96702,1
ID96703,1
ID96704,1
ID96705,1
ID96706,1
ID96707,1
ID96708,1
ID96709,0
ID96710,1
ID96711,1
ID96712,1
ID96713,0
ID96714,0
ID96715,1
ID96716,1
ID96717,1
ID96718,1
ID96719,1
ID96720,1
ID96721,1
ID96722,1
ID96723,0
ID96724,1
ID96725,0
ID96726,1
ID96727,1
ID96728,0
ID96729,1
ID96730,0
ID96731,1
ID96732,1
ID96733,1
ID96734,1
ID96735,1
ID96736,0
ID96737,1
ID96738,1
ID96739,1
ID96740,0
ID96741,1
ID96742,0
ID96743,1
ID96744,0
ID96745,1
ID96746,0
ID96747,0
ID96748,0
ID96749,1
ID96750,1
ID96751,1
ID96752,1
ID96753,1
ID96754,1
ID96755,1
ID96756,0
ID96757,1
ID96758,0
ID96759,1
ID96760,1
ID96761,1
ID96762,1
ID96763,1
ID96764,1
ID96765,1
ID96766,0
ID96767,0
ID96768,1
ID96769,0
ID96770,1
ID96771,1
ID96772,1
ID96773,1
ID96774,1
ID96775,1
ID96776,1
ID96777,1
ID96778,1
ID96779,1
ID96780,0
ID96781,0
ID96782,0
ID96783,1
ID96784,1
ID96785,1
ID96786,1
ID96787,0
ID96788,1
ID96789,1
ID96790,0
ID96791,1
ID96792,0
ID96793,0
ID96794,1
ID96795,0
ID96796,0
ID96797,1
ID96798,0
ID96799,1
ID96800,1
ID96801,1
ID96802,1
ID96803,1
ID96804,1
ID96805,1
ID96806,1
ID96807,1
ID96808,0
ID96809,1
ID96810,1
ID96811,1
ID96812,0
ID96813,1
ID96814,1
ID96815,1
ID96816,0
ID96817,0
ID96818,1
ID96819,1
ID96820,0
ID96821,0
ID96822,0
ID96823,1
ID96824,1
ID96825,1
ID96826,0
ID96827,0
ID96828,1
ID96829,1
ID96830,0
ID96831,0
ID96832,0
ID96833,0
ID96834,1
ID96835,1
ID96836,0
ID96837,1
ID96838,0
ID96839,1
ID96840,1
ID96841,1
ID96842,0
ID96843,1
ID96844,0
ID96845,1
ID96846,1
ID96847,0
ID96848,0
ID96849,1
ID96850,1
ID96851,1
ID96852,0
ID96853,1
ID96854,1
ID96855,0
ID96856,0
ID96857,1
ID96858,1
ID96859,1
ID96860,1
ID96861,1
ID96862,1
ID96863,1
ID96864,1
ID96865,1
ID96866,0
ID96867,1
ID96868,0
ID96869,1
ID96870,0
ID96871,1
ID96872,1
ID96873,1
ID96874,0
ID96875,0
ID96876,0
ID96877,1
ID96878,1
ID96879,1
ID96880,1
ID96881,0
ID96882,1
ID96883,1
ID96884,0
ID96885,1
ID96886,0
ID96887,0
ID96888,1
ID96889,1
ID96890,0
ID96891,0
ID96892,1
ID96893,1
ID96894,1
ID96895,1
ID96896,0
ID96897,1
ID96898,1
ID96899,1
ID96900,0
ID96901,1
ID96902,0
ID96903,1
ID96904,1
ID96905,0
ID96906,0
ID96907,1
ID96908,1
ID96909,1
ID96910,1
ID96911,1
ID96912,1
ID96913,1
ID96914,1
ID96915,0
ID96916,1
ID96917,1
ID96918,1
ID96919,1
ID96920,0
ID96921,0
ID96922,1
ID96923,0
ID96924,1
ID96925,0
ID96926,1
ID96927,0
ID96928,1
ID96929,1
ID96930,1
ID96931,0
ID96932,1
ID96933,0
ID96934,0
ID96935,0
ID96936,1
ID96937,1
ID96938,1
ID96939,1
ID96940,0
ID96941,1
ID96942,1
ID96943,0
ID96944,0
ID96945,0
ID96946,1
ID96947,1
ID96948,0
ID96949,0
ID96950,0
ID96951,0
ID96952,1
ID96953,1
ID96954,1
ID96955,1
ID96956,0
ID96957,1
ID96958,1
ID96959,0
ID96960,0
ID96961,0
ID96962,1
ID96963,1
ID96964,1
ID96965,0
ID96966,0
ID96967,1
ID96968,1
ID96969,1
ID96970,1
ID96971,1
ID96972,0
ID96973,0
ID96974,1
ID96975,0
ID96976,0
ID96977,1
ID96978,1
ID96979,1
ID96980,1
ID96981,1
ID96982,1
ID96983,0
ID96984,0
ID96985,1
ID96986,1
ID96987,1
ID96988,1
ID96989,0
ID96990,1
ID96991,1
ID96992,1
ID96993,1
ID96994,1
ID96995,0
ID96996,1
ID96997,0
ID96998,0
ID96999,0
ID97000,1
ID97001,1
ID97002,1
ID97003,1
ID97004,0
ID97005,1
ID97006,1
ID97007,1
ID97008,1
ID97009,1
ID97010,1
ID97011,1
ID97012,1
ID97013,1
ID97014,1
ID97015,1
ID97016,1
ID97017,0
ID97018,1
ID97019,1
ID97020,0
ID97021,1
ID97022,1
ID97023,1
ID97024,0
ID97025,1
ID97026,0
ID97027,1
ID97028,0
ID97029,0
ID97030,0
ID97031,1
ID97032,1
ID97033,1
ID97034,0
ID97035,0
ID97036,1
ID97037,0
ID97038,1
ID97039,1
ID97040,1
ID97041,1
ID97042,0
ID97043,1
ID97044,0
ID97045,1
ID97046,1
ID97047,1
ID97048,0
ID97049,0
ID97050,1
ID97051,1
ID97052,0
ID97053,1
ID97054,1
ID97055,0
ID97056,0
ID97057,0
ID97058,1
ID97059,0
ID97060,1
ID97061,1
ID97062,0
ID97063,1
ID97064,0
ID97065,1
ID97066,1
ID97067,1
ID97068,1
ID97069,1
ID97070,0
ID97071,0
ID97072,1
ID97073,1
ID97074,1
ID97075,0
ID97076,1
ID97077,0
ID97078,1
ID97079,1
ID97080,0
ID97081,0
ID97082,1
ID97083,1
ID97084,0
ID97085,0
ID97086,1
ID97087,1
ID97088,1
ID97089,1
ID97090,1
ID97091,1
ID97092,1
ID97093,1
ID97094,1
ID97095,0
ID97096,0
ID97097,1
ID97098,0
ID97099,0
ID97100,0
ID97101,0
ID97102,0
ID97103,0
ID97104,0
ID97105,1
ID97106,0
ID97107,1
ID97108,1
ID97109,0
ID97110,0
ID97111,1
ID97112,0
ID97113,1
ID97114,1
ID97115,1
ID97116,0
ID97117,1
ID97118,0
ID97119,1
ID97120,0
ID97121,0
ID97122,0
ID97123,1
ID97124,1
ID97125,1
ID97126,1
ID97127,0
ID97128,1
ID97129,1
ID97130,1
ID97131,1
ID97132,1
ID97133,1
ID97134,1
ID97135,1
ID97136,0
ID97137,1
ID97138,1
ID97139,1
ID97140,0
ID97141,1
ID97142,1
ID97143,0
ID97144,1
ID97145,1
ID97146,1
ID97147,0
ID97148,1
ID97149,0
ID97150,1
ID97151,1
ID97152,1
ID97153,0
ID97154,0
ID97155,1
ID97156,1
ID97157,1
ID97158,0
ID97159,0
ID97160,0
ID97161,1
ID97162,0
ID97163,1
ID97164,1
ID97165,1
ID97166,0
ID97167,1
ID97168,0
ID97169,1
ID97170,0
ID97171,0
ID97172,0
ID97173,1
ID97174,0
ID97175,0
ID97176,0
ID97177,0
ID97178,1
ID97179,1
ID97180,1
ID97181,1
ID97182,1
ID97183,1
ID97184,1
ID97185,0
ID97186,1
ID97187,1
ID97188,1
ID97189,0
ID97190,1
ID97191,1
ID97192,1
ID97193,1
ID97194,0
ID97195,0
ID97196,1
ID97197,0
ID97198,0
ID97199,1
ID97200,1
ID97201,1
ID97202,0
ID97203,1
ID97204,1
ID97205,0
ID97206,1
ID97207,0
ID97208,1
ID97209,0
ID97210,0
ID97211,1
ID97212,0
ID97213,0
ID97214,1
ID97215,1
ID97216,1
ID97217,1
ID97218,1
ID97219,0
ID97220,0
ID97221,0
ID97222,1
ID97223,0
ID97224,1
ID97225,1
ID97226,0
ID97227,0
ID97228,1
ID97229,1
ID97230,1
ID97231,1
ID97232,1
ID97233,0
ID97234,1
ID97235,1
ID97236,1
ID97237,1
ID97238,0
ID97239,1
ID97240,0
ID97241,1
ID97242,1
ID97243,0
ID97244,0
ID97245,0
ID97246,0
ID97247,1
ID97248,0
ID97249,1
ID97250,0
ID97251,1
ID97252,1
ID97253,1
ID97254,1
ID97255,1
ID97256,1
ID97257,1
ID97258,1
ID97259,1
ID97260,1
ID97261,1
ID97262,0
ID97263,0
ID97264,0
ID97265,1
ID97266,0
ID97267,1
ID97268,1
ID97269,1
ID97270,0
ID97271,1
ID97272,0
ID97273,0
ID97274,1
ID97275,0
ID97276,0
ID97277,1
ID97278,0
ID97279,1
ID97280,1
ID97281,0
ID97282,1
ID97283,1
ID97284,1
ID97285,1
ID97286,1
ID97287,1
ID97288,1
ID97289,0
ID97290,0
ID97291,0
ID97292,1
ID97293,1
ID97294,1
ID97295,0
ID97296,0
ID97297,1
ID97298,0
ID97299,1
ID97300,1
ID97301,0
ID97302,1
ID97303,1
ID97304,1
ID97305,0
ID97306,1
ID97307,0
ID97308,1
ID97309,1
ID97310,0
ID97311,1
ID97312,1
ID97313,1
ID97314,1
ID97315,1
ID97316,1
ID97317,1
ID97318,1
ID97319,1
ID97320,1
ID97321,1
ID97322,1
ID97323,1
ID97324,1
ID97325,1
ID97326,1
ID97327,1
ID97328,1
ID97329,0
ID97330,1
ID97331,1
ID97332,0
ID97333,1
ID97334,1
ID97335,1
ID97336,1
ID97337,0
ID97338,1
ID97339,1
ID97340,1
ID97341,0
ID97342,0
ID97343,1
ID97344,0
ID97345,1
ID97346,0
ID97347,1
ID97348,0
ID97349,0
ID97350,0
ID97351,1
ID97352,1
ID97353,0
ID97354,1
ID97355,1
ID97356,1
ID97357,0
ID97358,1
ID97359,0
ID97360,0
ID97361,1
ID97362,1
ID97363,1
ID97364,1
ID97365,1
ID97366,1
ID97367,1
ID97368,0
ID97369,1
ID97370,1
ID97371,1
ID97372,1
ID97373,0
ID97374,0
ID97375,1
ID97376,1
ID97377,0
ID97378,0
ID97379,1
ID97380,1
ID97381,1
ID97382,0
ID97383,1
ID97384,1
ID97385,0
ID97386,0
ID97387,1
ID97388,1
ID97389,1
ID97390,0
ID97391,0
ID97392,1
ID97393,0
ID97394,1
ID97395,0
ID97396,0
ID97397,0
ID97398,1
ID97399,1
ID97400,1
ID97401,0
ID97402,1
ID97403,1
ID97404,0
ID97405,0
ID97406,1
ID97407,1
ID97408,0
ID97409,1
ID97410,1
ID97411,1
ID97412,0
ID97413,1
ID97414,0
ID97415,1
ID97416,1
ID97417,1
ID97418,1
ID97419,0
ID97420,1
ID97421,0
ID97422,1
ID97423,1
ID97424,0
ID97425,1
ID97426,0
ID97427,1
ID97428,1
ID97429,1
ID97430,1
ID97431,1
ID97432,1
ID97433,1
ID97434,1
ID97435,1
ID97436,1
ID97437,1
ID97438,1
ID97439,1
ID97440,0
ID97441,1
ID97442,1
ID97443,1
ID97444,1
ID97445,0
ID97446,1
ID97447,1
ID97448,0
ID97449,1
ID97450,1
ID97451,1
ID97452,1
ID97453,1
ID97454,0
ID97455,1
ID97456,1
ID97457,0
ID97458,0
ID97459,1
ID97460,1
ID97461,1
ID97462,1
ID97463,1
ID97464,0
ID97465,0
ID97466,1
ID97467,0
ID97468,0
ID97469,1
ID97470,1
ID97471,1
ID97472,0
ID97473,0
ID97474,1
ID97475,1
ID97476,1
ID97477,1
ID97478,0
ID97479,0
ID97480,0
ID97481,1
ID97482,1
ID97483,0
ID97484,0
ID97485,1
ID97486,1
ID97487,0
ID97488,1
ID97489,0
ID97490,1
ID97491,0
ID97492,1
ID97493,1
ID97494,1
ID97495,1
ID97496,0
ID97497,0
ID97498,1
ID97499,0
ID97500,0
ID97501,1
ID97502,1
ID97503,1
ID97504,0
ID97505,0
ID97506,1
ID97507,1
ID97508,1
ID97509,1
ID97510,0
ID97511,1
ID97512,1
ID97513,0
ID97514,1
ID97515,1
ID97516,1
ID97517,1
ID97518,1
ID97519,1
ID97520,1
ID97521,1
ID97522,0
ID97523,0
ID97524,1
ID97525,1
ID97526,1
ID97527,0
ID97528,0
ID97529,1
ID97530,1
ID97531,1
ID97532,0
ID97533,1
ID97534,1
ID97535,0
ID97536,1
ID97537,0
ID97538,0
ID97539,1
ID97540,0
ID97541,0
ID97542,1
ID97543,1
ID97544,1
ID97545,1
ID97546,0
ID97547,1
ID97548,1
ID97549,1
ID97550,0
ID97551,0
ID97552,1
ID97553,0
ID97554,1
ID97555,1
ID97556,0
ID97557,1
ID97558,1
ID97559,1
ID97560,1
ID97561,0
ID97562,1
ID97563,1
ID97564,1
ID97565,1
ID97566,1
ID97567,1
ID97568,1
ID97569,1
ID97570,0
ID97571,1
ID97572,1
ID97573,1
ID97574,1
ID97575,0
ID97576,1
ID97577,0
ID97578,1
ID97579,0
ID97580,1
ID97581,0
ID97582,1
ID97583,1
ID97584,1
ID97585,1
ID97586,1
ID97587,1
ID97588,1
ID97589,1
ID97590,1
ID97591,0
ID97592,0
ID97593,1
ID97594,0
ID97595,0
ID97596,1
ID97597,0
ID97598,1
ID97599,1
ID97600,1
ID97601,0
ID97602,1
ID97603,1
ID97604,0
ID97605,1
ID97606,1
ID97607,0
ID97608,1
ID97609,1
ID97610,1
ID97611,1
ID97612,0
ID97613,1
ID97614,1
ID97615,1
ID97616,0
ID97617,1
ID97618,1
ID97619,1
ID97620,1
ID97621,0
ID97622,1
ID97623,1
ID97624,1
ID97625,1
ID97626,1
ID97627,1
ID97628,1
ID97629,0
ID97630,1
ID97631,0
ID97632,1
ID97633,0
ID97634,0
ID97635,1
ID97636,0
ID97637,1
ID97638,1
ID97639,1
ID97640,1
ID97641,1
ID97642,0
ID97643,0
ID97644,0
ID97645,1
ID97646,1
ID97647,1
ID97648,0
ID97649,1
ID97650,1
ID97651,0
ID97652,1
ID97653,1
ID97654,1
ID97655,0
